22675528504
22675529910
22665784207
22676650356
22657492869
22676659624
22665787303
22665787309
22657499089
22657495323
22657491648
22665787884
22676651705
22675521084
22664998805
22675523069
22664997466
22657498857
22664998104
22675526263
22665783855
22676740519
22657494233
22657490223
22676658283
22664992825
22664997415
22676651333
22665787311
22665781393
22664999561
22675523691
22676749870
22657498138
22676652726
22657493157
22657490155
22676749960
22676747606
22665782012
22676652605
22665783477
22657498775
22675529958
22657494079
22676747755
22664997637
22665781138
22664992364
22664991890
22665783059
22676652299
22675524120
22664991035
22675526461
22676747667
22676650635
22676747030
22676745054
22664997378
22664997711
22675529921
22675522625
22657497562
22676744977
22676742822
22676746535
22657495960
22665789258
22676659570
22665788628
22675529544
22665785318
22665786713
22676651368
22676654664
22665782450
22676654170
22664996637
22657499210
22664994609
22676655100
22664991432
22657496417
22676659712
22665789885
22665786634
22665783320
22675520073
22675521599
22664999706
22657495039
22675525789
22676749799
22675528174
22676741066
22676747707
22665781809
22657490448
22665785324
22676657517
22664996756
22664991327
22664991683
22664991389
22676744928
22657498885
22665783541
22664994423
22675528665
22665781621
22676742577
22676653995
22675521622
22664996081
22676744496
22676746684
22657491485
22676744735
22664997927
22657491809
22675529737
22665781643
22665787219
22664991437
22676743982
22665788961
22676740545
22675529059
22657497894
22665780126
22676653254
22676747607
22675528947
22676655433
22665786246
22665781051
22676741384
22665788176
22657492900
22676653681
22664996218
22665787328
22665781612
22676743414
22676659927
22665783132
22676654662
22665783441
22664992818
22676654118
22675526612
22665784729
22676747799
22676745776
22665788128
22676747125
22676659303
22664995082
22664996826
22665785030
22665782143
22676658874
22657498751
22657495667
22676652691
22676658483
22676742233
22676744809
22665781977
22676746441
22676746630
22676651690
22665785677
22676741591
22676650600
22664996922
22676747087
22676742269
22676742497
22665780221
22675520968
22664999747
22657497192
22664991496
22676653338
22675528551
22657493391
22665780702
22676747879
22675520515
22664994299
22675528971
22665781474
22664992122
22657492453
22676745215
22664997493
22676742398
22657495840
22665788112
22664994233
22664996149
22665789671
22657493008
22665784883
22676651039
22665780546
22676748467
22665782112
22676654643
22657495813
22676746397
22676654443
22664996205
22657497381
22676745931
22665789123
22675528384
22664996968
22676652969
22675526425
22675529907
22665780518
22665786172
22676651790
22676742059
22665786944
22675526203
22675525173
22675521879
22664995887
22664998405
22676748350
22676651147
22657492326
22664999846
22676742189
22676745580
22664993580
22675529320
22665785141
22676744066
22657492090
22664994279
22657496638
22657497359
22675521068
22676656114
22665783550
22676742312
22657491828
22665781200
22665780597
22664998743
22676747186
22657493320
22665782748
22675526645
22664995750
22676748898
22665788932
22676652573
22665785263
22676748751
22675527509
22675521725
22657497820
22676655532
22676744035
22657490648
22676748839
22664993491
22676742930
22675523786
22675527402
22657492590
22676656885
22676659947
22664997224
22657499537
22676651411
22664990730
22665789313
22664992541
22657494838
22676741106
22676659731
22657495605
22675526343
22675526502
22664994822
22664996610
22657499536
22665788579
22665783426
22665784142
22665781651
22675520345
22675522035
22657491477
22676746183
22665786006
22664996618
22665785518
22676740213
22676654848
22676744670
22664994312
22657495084
22675529590
22676654641
22664999068
22676657616
22665786357
22657493230
22675526380
22657490452
22676650765
22664999143
22676740381
22676748155
22665786991
22676743534
22676655965
22675521939
22676651850
22657497669
22657491053
22676748937
22664999920
22676746617
22664995992
22664992114
22665784819
22664997079
22675525258
22664998667
22664999816
22664990603
22665788226
22665787268
22676741353
22657495623
22675526458
22664995038
22665781386
22657498498
22664992724
22676740989
22664995338
22676741465
22665788973
22676748502
22664998766
22664994433
22664995284
22664991927
22676652766
22657499982
22676655425
22676743036
22665784343
22664994437
22676659660
22664996188
22664997006
22657495834
22665785442
22676747278
22664997835
22665788948
22676747998
22675521096
22657497296
22665786968
22676745709
22676741216
22664996257
22676650540
22664994943
22657496662
22676650541
22657497857
22676740335
22676659551
22676652846
22664995205
22664995244
22664997794
22665786308
22676651475
22665789224
22676743117
22676659072
22676744178
22657491905
22664997752
22676651996
22665789204
22664996591
22676742281
22664997590
22664990255
22657493851
22675526030
22664998669
22675521667
22675522593
22664992884
22676747041
22657499512
22676742984
22664999488
22665788229
22657499396
22675527840
22665787603
22665786313
22657494963
22676747676
22657494190
22657493719
22665789662
22676748163
22676749373
22676748274
22664998744
22676653102
22665784090
22676742229
22675526977
22675520641
22676651810
22664991539
22676748231
22675528038
22676656715
22657491625
22675522168
22664999799
22665788208
22676741839
22657499453
22665781178
22675523539
22676658736
22664992973
22676741665
22676650205
22676653821
22664996337
22657496117
22675529243
22676746769
22675525071
22676744128
22657496869
22665784000
22676653302
22676651782
22675520755
22665783322
22676650249
22675522602
22676657507
22664990120
22675521041
22676749272
22675527231
22675524954
22657497938
22676653140
22676658018
22664999224
22657493549
22676652776
22657492713
22675522437
22657493703
22657496274
22676657091
22676748808
22665781194
22675526149
22657490679
22657490428
22676744545
22657499793
22664997974
22676744129
22676651465
22665782774
22657495214
22657490778
22676740868
22675523349
22675520105
22676747656
22676654115
22676650992
22657494009
22676749892
22664994628
22675528379
22665780206
22657492849
22664992113
22664991489
22664995615
22665786298
22676650532
22657497574
22657495538
22676746934
22664993290
22676656836
22664996734
22676745974
22676749616
22676653733
22676742019
22675524794
22676656258
22665782521
22675524467
22676650263
22664994567
22657498562
22676749546
22664992706
22657496043
22657494708
22676653634
22676652315
22676742862
22657498749
22657499847
22676651198
22676655529
22675529928
22665782996
22676747612
22665784336
22657498011
22665788994
22675520089
22676745395
22665787772
22675521985
22664993454
22676745188
22665787747
22676746502
22657490214
22676746174
22675526043
22657494104
22657493548
22675528503
22676746855
22657499540
22676655398
22675524749
22664992810
22676652196
22664998960
22676653125
22676657630
22665783561
22657497078
22675522009
22665788651
22676746133
22657492598
22657492778
22657494756
22657490971
22665782648
22664992564
22676659073
22664993328
22675522103
22664995936
22676745425
22665780209
22676745259
22657498228
22676743546
22676652557
22664995641
22665788514
22676655283
22675523913
22664991678
22676659661
22676654505
22675523405
22664993115
22657492968
22675521692
22657496616
22665783425
22665784579
22664998136
22665788582
22657490457
22657495036
22657495172
22665786381
22676654950
22675527226
22664996672
22675522124
22676743771
22676659545
22676747410
22657497321
22664995820
22657494667
22676659319
22665788189
22664992177
22676650141
22664992546
22676652532
22676744940
22665787334
22665781416
22676650325
22675523159
22657497457
22665788319
22676658518
22675525325
22676742429
22676655119
22665789659
22676654579
22676653150
22664995666
22657495264
22664997280
22664994230
22657497768
22665787998
22675527313
22665789597
22675525841
22657490228
22664996688
22676746666
22657493521
22664997552
22665786881
22665785702
22665784809
22675528666
22665787770
22665788516
22676652903
22675529933
22675523341
22664996962
22664995643
22676747052
22676650113
22676652181
22675525614
22676742228
22657493554
22676745463
22665781436
22665780417
22675527616
22665781703
22657498687
22664997198
22657493651
22676656016
22676657711
22676740829
22664995783
22657491249
22676656524
22665780410
22665788703
22664996620
22657494588
22676655139
22676741565
22664990641
22665781671
22676744387
22657499124
22675524285
22676742097
22665781071
22657496671
22675523013
22676652529
22676746119
22657498158
22676749145
22676653923
22676651068
22676652349
22657492902
22665787542
22665784745
22675524147
22664993874
22675520475
22676742616
22675529114
22665786615
22676654532
22665789981
22675525855
22665784191
22676657012
22665789213
22676744754
22676742658
22664999948
22676746985
22664997708
22665786291
22675521481
22676659510
22665781190
22676742136
22675521258
22676650520
22664992919
22664999042
22675521967
22665785597
22676656282
22657491592
22664992058
22664994876
22665780833
22664992795
22664997878
22665786914
22657491515
22665788844
22657492269
22675525226
22676747836
22676744976
22657495875
22657490074
22675526162
22676658144
22676654515
22665781967
22665789004
22675526177
22676741423
22676746053
22676742396
22665789968
22657496747
22676653350
22676744250
22665787203
22675529326
22675528360
22664993127
22675528871
22664994505
22665783839
22657498294
22676653465
22665787774
22664993697
22676650549
22676653411
22657497825
22676745787
22657494927
22675524238
22676743802
22664995461
22665781946
22676659894
22675526772
22664998632
22664992152
22676653122
22675521855
22676749660
22664996564
22676749940
22657492168
22665787459
22676745684
22675525367
22657490699
22675528010
22676747498
22664992585
22676742546
22665789830
22675524393
22676744237
22657493757
22675524724
22675525469
22657494848
22675522696
22657493051
22664990002
22676740473
22675525757
22664994900
22676659209
22657498759
22657495464
22664992461
22676743679
22657497785
22675522396
22665784709
22664997114
22664998327
22676748302
22676740033
22676658244
22664994045
22676746153
22675526152
22664996838
22657490628
22676658732
22664990717
22664995520
22664990128
22657498361
22675529992
22664991879
22676652200
22675524244
22676741521
22665788758
22665781377
22657498742
22657497694
22676746213
22676745026
22665782747
22664995232
22676657840
22665784791
22664996471
22664995020
22675526123
22657495629
22676651137
22675528632
22657490877
22664990566
22657492234
22676658806
22676656911
22664995465
22664991331
22657497831
22676746007
22664996178
22675528865
22676654049
22665786370
22665781573
22665786531
22676657852
22657494430
22657490925
22676746045
22676749367
22675526420
22676659823
22665789203
22675525781
22665781262
22675527901
22657492406
22675521271
22664994199
22657497932
22676659394
22676656361
22675522833
22676743343
22676659535
22676745796
22676654909
22665783413
22665788744
22664997981
22676749544
22657499870
22676650306
22664994722
22675527148
22665781711
22676650895
22675527909
22664992761
22675529941
22676740524
22665780387
22676652155
22676742299
22675529241
22676742037
22675523461
22676655895
22676743105
22657495952
22665789657
22675520913
22665786446
22664998385
22657491831
22676652694
22657492935
22675528838
22675529814
22657495310
22675524801
22664996417
22664999524
22657492821
22665787578
22675526368
22676749828
22676749268
22665786698
22665786154
22665787890
22675525573
22657497724
22665786337
22675520493
22657499710
22657490985
22676655372
22664999003
22676650084
22664992394
22664994873
22676654872
22675529189
22664997792
22657493030
22665780770
22676749835
22665786524
22675521327
22664990324
22676650154
22676659364
22664999148
22675522521
22665783964
22665780508
22676740023
22665787574
22676743382
22675524344
22676745686
22675525772
22664997125
22676744836
22657495530
22657493211
22676658883
22675523444
22664994382
22675523380
22675529234
22665788157
22664990020
22675520141
22675529027
22657496841
22664998709
22664995442
22676743901
22664995086
22676658217
22657493588
22676655595
22676748461
22665780178
22665784620
22665788051
22665788536
22675527575
22675526039
22664992414
22675520953
22665785496
22664995743
22657494271
22664995482
22657494799
22665784419
22664998373
22676743973
22665789289
22665787083
22664990173
22676745643
22657495768
22664991006
22664998318
22676749780
22657493342
22665787267
22664991733
22676656372
22664994320
22665788376
22665789935
22675528334
22675526926
22676749794
22676749778
22664993494
22664996961
22676744662
22675520049
22675522152
22664998080
22676651827
22657497234
22665786279
22657499995
22665786418
22676651505
22675525917
22676655709
22665788914
22664996329
22676746752
22665781188
22664996507
22676742018
22665786060
22664997741
22676650567
22675524922
22665788250
22657495247
22676652535
22676652681
22675526784
22676656713
22676652851
22664995432
22676745423
22657497271
22664996210
22665788374
22665782710
22657498863
22665787816
22664995882
22665788349
22657493273
22676741970
22657494117
22676653524
22676746847
22665788951
22675521233
22657491585
22676652907
22676742039
22676655727
22676654132
22675529500
22665780524
22675520536
22676651098
22657491516
22665787410
22676744583
22665780369
22665780096
22657493167
22664994523
22675524431
22664992683
22675529631
22664998341
22675523860
22676740297
22664995110
22664998928
22676749869
22676747741
22676652417
22665785924
22676744133
22675525867
22657492008
22676743267
22665788624
22657499259
22664992650
22657499665
22657494974
22664997225
22676655840
22676659603
22675520199
22664993012
22675526376
22657490279
22657496123
22665786078
22665784284
22665783805
22676741598
22657495696
22664991752
22676747257
22657499767
22675523610
22676654573
22657499025
22657492279
22664993009
22675521190
22675523547
22676747912
22665789065
22664999956
22665785090
22675528839
22676659724
22675523884
22657491166
22664995326
22665783542
22657490750
22665782457
22675527982
22657494321
22657490653
22675528962
22675525514
22664990140
22676656357
22665787297
22657492363
22675524029
22676655062
22664996284
22676740842
22676740484
22657491845
22675522729
22664999225
22657490206
22657492733
22676656941
22664995713
22675527434
22657493482
22657491059
22665788015
22657499672
22665784416
22665787837
22676658669
22676747093
22657498336
22664999079
22657493622
22657497570
22675528832
22676744540
22657497963
22676659941
22675523695
22657492199
22665781659
22675528101
22676659476
22664994641
22675523819
22665786969
22675528597
22676658245
22676742381
22675528796
22657496713
22676652092
22676740760
22657492742
22657497451
22665780350
22676652654
22657494290
22675527549
22676656899
22664995777
22676745727
22676744460
22675526801
22664991838
22657495220
22676743589
22665786374
22676650762
22676742998
22675528756
22675522014
22665784498
22657491924
22676652882
22665788859
22657495248
22664995249
22665785169
22676744929
22675528873
22657490518
22676743475
22665783606
22676658690
22665782661
22676745319
22664991982
22657494194
22664991781
22665787196
22665782609
22676741754
22657499970
22675529155
22665787978
22665787749
22676654149
22675521849
22664994190
22664991272
22665786227
22676740036
22657493441
22657492181
22665781061
22664992374
22657495474
22664999396
22676658664
22665788062
22665784503
22676658041
22665786202
22675520729
22664993444
22675525167
22657498400
22657498760
22657493572
22676650267
22676658931
22657497465
22676746081
22676651936
22657492505
22664999829
22665782070
22676652779
22657492020
22675527520
22664998088
22676653896
22664993546
22665789999
22665785809
22657491180
22664991307
22665780150
22657498370
22664990961
22676740614
22676742428
22664993626
22675529267
22676651872
22664993365
22664995115
22675522355
22665786496
22665780572
22664990468
22676651927
22676653416
22675526135
22675522483
22665782451
22676744895
22657496402
22676743809
22657496740
22657492129
22665780428
22657495900
22676749486
22664990924
22676749919
22675526865
22676651432
22665782735
22676747370
22675526470
22664995933
22675523321
22665785352
22664996171
22665782395
22657491501
22676654301
22657495233
22675522126
22676654866
22676745554
22676651390
22675529305
22675523970
22664990695
22675523562
22676656915
22665789188
22676652478
22665787545
22665788828
22665784164
22676659481
22676743538
22657490454
22676654254
22676650663
22657498478
22676749330
22675524615
22657491035
22664998105
22665783672
22675524041
22676652112
22657499273
22665787290
22676657965
22665788661
22665787624
22657497015
22676658270
22664998759
22676651593
22664993999
22664997575
22664998794
22664996795
22675520511
22665780147
22676650922
22665783130
22676654863
22676655276
22665785660
22657493085
22676749414
22676749774
22676650876
22665783158
22676749144
22675525358
22657495272
22676744266
22657497795
22664998350
22665787815
22657498536
22657491123
22676745562
22664994172
22675524852
22675527666
22675528432
22664991018
22664997549
22675528194
22676658509
22657494296
22657498846
22675526399
22665781154
22664996097
22664996800
22664990666
22657494860
22665787466
22675520067
22657492335
22676749214
22665781012
22665780215
22665786401
22664998869
22664998190
22665786198
22676742745
22676655018
22675522434
22676657874
22665784342
22657492831
22675524524
22665787368
22664998431
22676659865
22676652563
22676747842
22676740560
22676747161
22675529826
22665787594
22664990394
22657498630
22676653750
22676654063
22657499947
22664991448
22664993612
22675523494
22657494561
22676742288
22676741495
22657499990
22665780631
22676745456
22665787885
22675520420
22665784380
22664998410
22675526403
22676746354
22675522695
22664995396
22676744377
22665788416
22657490108
22657497708
22665781444
22665785691
22664995816
22664990563
22676744175
22665785764
22676742557
22676748058
22676655548
22676749167
22675527099
22675523968
22676654825
22665784147
22657492677
22676659708
22665781795
22676748360
22675527715
22675527230
22665783204
22657490126
22675522538
22676741609
22657499636
22675523871
22657491396
22665786542
22665781187
22675523737
22665786803
22657499384
22657499782
22665788316
22657490825
22675524166
22657490018
22665789918
22676746882
22657492459
22675528651
22676653017
22675524404
22676653684
22664992199
22664993000
22675525201
22676651202
22675526196
22675520181
22657496986
22675525101
22665781355
22676650170
22675525315
22665784439
22664998120
22676656833
22676746573
22676656499
22676741127
22657495358
22657492718
22665788419
22676743928
22676658558
22675528211
22675529636
22676748017
22665786475
22676653091
22665783685
22664995655
22675528121
22676748318
22665783513
22676655380
22665785371
22665780044
22657493829
22675521902
22657496333
22657491040
22657495581
22657495219
22676657292
22675525883
22657497074
22676743269
22676745404
22676748369
22657490366
22675520329
22664993867
22657493371
22657494033
22657493849
22665785775
22665781038
22675526001
22664993182
22676655111
22676746037
22676653952
22676651130
22675522759
22676745186
22675529836
22675527630
22664993988
22676747309
22657493303
22665782805
22665784497
22676749061
22664993235
22675526746
22675527702
22664997320
22676744644
22676744865
22657496420
22676745970
22664991630
22676656704
22664993206
22665782151
22676740936
22676657892
22676741121
22676748349
22657496071
22676651567
22675523330
22676652232
22676653738
22657493184
22676745780
22665786121
22664998400
22676652638
22665785582
22675522383
22676652640
22665786168
22675523466
22676653439
22676743177
22665783948
22675521813
22664999410
22676742668
22675528824
22675529919
22665789110
22664990353
22676742082
22664998160
22675520474
22676654453
22664994158
22676743110
22675526708
22657496493
22664998042
22676748694
22665784077
22676747192
22676742447
22657490090
22664993685
22676654550
22676655894
22675529462
22664995588
22665781114
22676654795
22676743700
22664993929
22676651854
22665786657
22676651773
22675528288
22676741634
22664990061
22664999438
22676743815
22664995865
22676652686
22657497360
22664994745
22675526601
22675523131
22675529576
22664990063
22665788452
22676650680
22657499890
22675522926
22676654094
22675526049
22665780002
22665788347
22676650627
22664994772
22676659139
22664991450
22676651228
22676741997
22675525765
22665786129
22675520164
22676651848
22665783196
22675524276
22675523659
22676747460
22675526085
22665782839
22665787299
22676743070
22664992612
22675524681
22675521344
22676742375
22676659094
22676749430
22675521092
22665784759
22676650107
22665780907
22665789340
22664993846
22664991828
22664990091
22676743632
22665782349
22665785874
22665789284
22665784414
22676652432
22664999033
22676658943
22664995595
22664997301
22665787234
22676655872
22664990927
22657495554
22675521640
22675526718
22665781478
22676650928
22665780283
22664993622
22676651907
22676655412
22665780776
22676747601
22676653362
22664990696
22675526617
22665786646
22675524896
22657498398
22676744454
22657495335
22676741977
22664998829
22676652118
22676659095
22676747241
22675529676
22657495090
22676742452
22675528153
22657493044
22676650424
22665783933
22664992458
22676746984
22675526220
22676657984
22664995444
22676658914
22657497445
22665783979
22675521907
22676654307
22657493568
22676746564
22665784410
22676659299
22676743216
22676747635
22657494091
22664997029
22664996704
22676659053
22676650394
22664992695
22665783163
22676653237
22664991170
22676656266
22676653841
22675526598
22665786865
22676656029
22665782116
22665787575
22675527025
22657494149
22665789548
22657493270
22665783135
22664998958
22657490234
22675520273
22664996778
22657490641
22657497060
22664992147
22657493067
22657495658
22664991535
22657497342
22675527203
22676653153
22665780022
22675529558
22676749857
22665782488
22676740856
22676654608
22665780643
22676658673
22665784222
22676743505
22676651520
22676743365
22664991598
22676744543
22657496010
22664990847
22676657137
22676746433
22675521223
22665786804
22664990408
22664993610
22675529009
22676654172
22676657858
22657499974
22676654059
22676749619
22657491776
22665780267
22675521635
22675525182
22676658278
22676657151
22676749643
22657491462
22676748702
22676658632
22664992470
22676653933
22675521112
22676651562
22676655838
22676650999
22665780370
22664995827
22676745055
22657497413
22676745214
22657491200
22676659137
22665780788
22665787287
22676749641
22676659666
22675529824
22664994975
22675524269
22676658346
22676740681
22676740649
22675527119
22676744364
22675529317
22676749790
22675529413
22676653303
22664991550
22676657975
22664998514
22657495443
22664991657
22676743559
22664999867
22657497257
22657496597
22675524478
22665782384
22676653848
22665787992
22675528515
22664994904
22665783247
22676650752
22664994799
22657492231
22665781836
22676658400
22676655375
22676655413
22665787005
22676654751
22657490241
22675527128
22675528727
22676743086
22664997500
22665784592
22664991845
22676744479
22664994677
22664994910
22664991705
22676741438
22676654395
22657494034
22676740280
22675523257
22657498929
22675523657
22676747688
22665782727
22676742809
22676743346
22665785754
22665788389
22665788161
22657490700
22676744849
22657495147
22657493555
22675526100
22664998178
22676654517
22665780053
22664994296
22676652046
22676659970
22676658627
22675525998
22664994603
22657499545
22676747496
22676748544
22676744695
22665781173
22664998150
22664992252
22664996584
22664998294
22665788913
22676747454
22676747219
22675524442
22665784906
22657498002
22676654966
22675528263
22657498015
22676749595
22675529388
22664996531
22676748408
22664997157
22676659978
22665789859
22665783895
22664990312
22664991141
22664992737
22676746108
22665786939
22657492704
22657498171
22664999430
22676655585
22675526554
22675520354
22665781379
22675529632
22675529985
22657499127
22664999887
22675523145
22676652941
22665783720
22665788792
22676652083
22676659911
22676659477
22657490041
22665788160
22657496468
22676654922
22664994006
22657497852
22657494172
22665780962
22676657454
22676749788
22676746588
22676651511
22675523353
22657495203
22657494073
22676653172
22657491140
22675525159
22665787113
22676749873
22665786222
22664993128
22657497320
22676656476
22664992020
22657496819
22676749207
22676650297
22676653709
22676651163
22675528573
22676744203
22664993535
22657494960
22664996530
22665783328
22676653887
22676742899
22675520518
22657499692
22675526010
22657493452
22676656291
22664993772
22657498708
22675523306
22676743413
22676650418
22664990592
22657498256
22664999702
22676655391
22676653990
22675521216
22657497233
22675529753
22664998474
22675529039
22664992045
22664999684
22657499435
22657496011
22676656515
22665787888
22675525215
22657490002
22676651358
22657497951
22657496081
22657492591
22676658672
22676746424
22676747056
22665788589
22665786770
22676659375
22665789024
22664997381
22664992491
22675524566
22676657028
22676744552
22676749705
22664997546
22657491025
22657499004
22665786255
22675520547
22665787511
22665780716
22676741583
22675520015
22664999217
22675529900
22657494443
22676746333
22665782925
22676651154
22657493464
22665787523
22665782920
22657498934
22657492135
22676747776
22676651166
22657493694
22675523532
22675520289
22664999011
22664999730
22676740089
22657491430
22676741535
22676743142
22657498442
22676656073
22676656080
22675529207
22657490626
22665788534
22676744212
22676659631
22676741967
22664994577
22676658383
22675522841
22675521056
22676650578
22657497323
22657498070
22675529624
22664996928
22657490701
22665784352
22675523629
22657498702
22675525419
22665783926
22675523511
22657498381
22675522779
22665788474
22675526657
22657491054
22676743204
22676740869
22657497601
22664999280
22675520628
22665783469
22664998664
22657493783
22675525030
22665782578
22664992440
22657492065
22675526561
22676657777
22676748689
22676656395
22664992017
22676651691
22676747987
22664990549
22676741116
22675527798
22665785002
22676748786
22676744581
22676659060
22676747040
22676745823
22676740757
22675527669
22676654624
22676746088
22657494512
22676741120
22676654932
22675526693
22657492501
22664993022
22657492788
22676740713
22664990185
22675527055
22664994428
22676655173
22657491922
22664993726
22675520256
22675525754
22676653116
22665783384
22676657731
22676658089
22657491474
22675527809
22657491244
22657499112
22657490226
22657497027
22676742317
22676656982
22676745450
22675523977
22657496529
22675523581
22676658040
22657492630
22664993965
22664996445
22675521381
22657493954
22657492664
22664990101
22657491409
22676650574
22657498962
22665789426
22665788637
22657498151
22676748509
22664993897
22676652552
22676655760
22675524883
22657490883
22676659422
22676743042
22665785562
22676653767
22657498584
22665788174
22675525955
22664995350
22664992637
22665787775
22665789811
22665788125
22665784139
22665783110
22676745329
22665785411
22664997951
22657490512
22676740125
22676743060
22676652603
22665784687
22665784762
22676741867
22657493432
22675525000
22664994360
22675527214
22665784174
22657496811
22657499748
22664995804
22676656269
22676747334
22676740072
22676746506
22664992601
22675523172
22664990982
22676744807
22675529522
22676744877
22665783262
22676742647
22676655262
22657490943
22676749819
22664990401
22664990198
22676747970
22676654024
22665780182
22657499440
22665788348
22665784471
22657495832
22676741909
22676654470
22664999616
22665782639
22675523044
22676657429
22675523973
22664999496
22675529199
22665782779
22675526454
22664999460
22665784166
22664990993
22676748543
22664992594
22664996590
22665782181
22675521274
22665783798
22664999274
22676655621
22665789531
22665784957
22664999704
22675524918
22665786767
22676748074
22665781380
22664991328
22676742513
22676746138
22665784100
22664997702
22676651865
22665783216
22665781956
22675529050
22657498955
22675522353
22657491075
22676656543
22676744125
22676652955
22657497856
22665784609
22676654600
22675525916
22665786832
22676656037
22675524882
22657494679
22676740156
22675528078
22665780159
22664996829
22676747613
22675521442
22676745291
22675523504
22665782554
22665780085
22657498399
22676654531
22665785802
22657491098
22676652639
22676749654
22657490385
22676653766
22657498658
22676741920
22657491511
22657492088
22664996858
22675525281
22657497138
22676745332
22675523450
22675528451
22675526868
22676740761
22676650585
22665785140
22657491461
22676746017
22665780047
22676657586
22676746586
22675526936
22676657514
22665783070
22675525945
22664995505
22664995924
22665785888
22676742754
22675526818
22664992180
22665785026
22665783179
22676740887
22657492619
22657495181
22675526569
22657497268
22664996045
22664997850
22676651787
22665788985
22675529789
22657497907
22675521680
22664990413
22665780938
22676740708
22657493077
22664996552
22664997152
22664996744
22676656008
22657497475
22664999806
22676656811
22665783842
22657493662
22664993140
22676746682
22676742771
22664992223
22657496205
22675525693
22665780756
22664990643
22675522657
22657495927
22664994529
22664996089
22675524835
22675521138
22665783071
22676741475
22664998166
22676749122
22657494400
22664998019
22657490869
22664990837
22675528490
22657495334
22676652470
22676652891
22665783937
22657496980
22657493327
22675528758
22657491927
22676747197
22657497067
22676655104
22664999470
22657495691
22676654137
22676748792
22664997328
22676656379
22657493715
22676656002
22664991679
22665787532
22676655040
22676747147
22664998851
22664994384
22657494467
22664992717
22664999147
22676659676
22665783406
22676744365
22675526583
22676742172
22657495370
22665782159
22676651937
22676658424
22675525704
22676746546
22676652966
22665785686
22664993101
22676654487
22676740250
22676745690
22676659381
22675524549
22657490614
22664995032
22675529550
22657496617
22676741047
22675523096
22676656615
22675521717
22676650986
22657492763
22675529509
22664998179
22665786085
22676654468
22664995619
22675526768
22675527513
22675525810
22665785494
22676653844
22676742350
22664996629
22657492332
22675523816
22657494805
22664990043
22657498183
22676652711
22675520184
22664999545
22675521625
22676655882
22676656897
22657495382
22675529221
22676741619
22675520204
22675522803
22657494887
22657493534
22676652848
22657491240
22665788080
22664999440
22676740463
22664995304
22676749169
22676657594
22676650065
22676749639
22657498905
22657494456
22665789837
22675525756
22665780009
22675529929
22676745940
22675521745
22676652206
22675520327
22676652324
22657499023
22657491399
22675528493
22657496199
22657499676
22676742249
22676653538
22657497802
22675525845
22676656176
22676741880
22676741054
22657493477
22676742079
22675523312
22657499242
22664999941
22675520288
22675525120
22665781696
22664993652
22676658772
22664994379
22657497759
22664990142
22676743290
22675527052
22676659132
22657493559
22676747826
22676745783
22675522447
22675521742
22676651561
22664996775
22676740915
22676746705
22657496182
22676747227
22657493973
22676741730
22664992478
22676654033
22665781747
22676743190
22657491034
22675528599
22676742542
22657494794
22657497370
22676651492
22675524020
22675525255
22657497440
22676749818
22664992222
22675525176
22675523440
22665788104
22665788960
22676651586
22664993602
22675528711
22675522630
22657491514
22664991760
22675529235
22676743800
22676656211
22675525516
22657496517
22665784712
22676744338
22664996008
22664992644
22657499732
22665781599
22664998963
22664991653
22675529389
22676746334
22664999495
22676654867
22657490982
22657496572
22657491545
22675523296
22665780706
22676745913
22664991341
22657492033
22665784369
22676745610
22657494110
22676747913
22664992799
22676742054
22657497375
22665787500
22657499237
22676744014
22657494312
22675520782
22665780172
22675529945
22675523743
22676659344
22675524637
22665783257
22664999170
22675528997
22675527717
22676651153
22675522567
22675522314
22665787413
22676740352
22665780400
22676650463
22676655509
22657499068
22657496786
22665784595
22675526893
22675528631
22675529804
22664999324
22657493257
22675521012
22664999032
22657498627
22657492668
22675528084
22675528494
22657492308
22675527332
22657496429
22675523759
22665780055
22676655349
22664998266
22676653483
22664993329
22664999824
22665784515
22665787862
22676651751
22675522027
22665787275
22664990149
22675526769
22657491131
22676744343
22665788000
22676740967
22676651036
22657494119
22664992442
22676651019
22665789104
22675522252
22657490768
22664996229
22657493454
22665780871
22657490552
22657495091
22676654943
22665780596
22676740466
22657495026
22664999687
22676651657
22676657294
22664997782
22675529972
22657490736
22665784794
22676747469
22664992859
22676742676
22676743639
22675528984
22676744180
22675526157
22676749834
22657499166
22665784349
22676651158
22665781544
22676749545
22657493220
22676740189
22657495402
22676745784
22664990241
22664996230
22657493835
22664995342
22675528405
22665783066
22676656137
22665787517
22676746948
22657498177
22664994205
22676650077
22665787352
22665785514
22675522896
22676655047
22675522129
22657499410
22657492273
22676657353
22676745994
22664993131
22676659614
22664995172
22676745584
22665786723
22664996907
22676650559
22676655823
22676746697
22676741710
22664994510
22675522985
22676656632
22676749012
22676657670
22657497527
22664998090
22676740228
22675529343
22676742742
22675520186
22676748059
22657495963
22675529473
22657495994
22665788772
22675524845
22657498118
22657496695
22676651455
22676650489
22664997842
22675528739
22675524507
22676745350
22676747647
22676741477
22657499143
22676745887
22676655063
22675522554
22665789554
22676655724
22675524977
22665786838
22675525492
22665780735
22665787658
22676651497
22664996489
22675521672
22676743993
22676740120
22676655562
22676654846
22657497706
22675520903
22676650575
22676651328
22657492177
22676747475
22676747838
22664990134
22665783395
22664990298
22675526378
22664990188
22657497207
22664992534
22657494445
22676741561
22657495567
22676740570
22657495943
22664998445
22664996693
22676650829
22664993941
22675523663
22675528232
22664998027
22657492653
22675529284
22676653004
22675528799
22676740336
22657491566
22676747013
22675526345
22675525935
22657497177
22675521405
22675528358
22675527382
22665784395
22657498577
22676749471
22657494317
22664990910
22664996004
22676740148
22675528041
22664999358
22657490075
22665784999
22676749979
22665785225
22657497633
22676656072
22664997322
22676651589
22657498837
22665782699
22675522939
22675524403
22676740264
22664991314
22676654274
22664992492
22676658680
22657495276
22675522845
22676741142
22676741656
22675520761
22675525890
22665784310
22665786607
22657498117
22676741620
22676748315
22676656767
22657495584
22665784953
22675522082
22657498515
22664992307
22676654974
22675526585
22664998802
22665789705
22657491082
22664998771
22676744321
22665781336
22665784862
22676748428
22665788509
22676657112
22657499314
22675522043
22664994410
22665789457
22664999321
22676740935
22657490135
22664993855
22664990670
22657490425
22675521343
22675520020
22664991224
22657498690
22665780662
22665788501
22657493626
22664997923
22676748555
22664991300
22676747595
22676654982
22676742740
22675528003
22675526355
22676655172
22665783660
22676740687
22676655977
22657499561
22676740445
22657495256
22657498714
22676745987
22665785668
22675528848
22657490634
22676659277
22665787608
22657497299
22676741003
22675528744
22675520928
22664994288
22664990213
22675526788
22664996816
22676657082
22664998087
22676653314
22676652866
22675521226
22665784122
22676749202
22665786133
22664992661
22676650160
22676745564
22657498720
22657499883
22664992835
22664999663
22664998896
22676657180
22676659141
22675525129
22676658702
22676656302
22665788037
22675524279
22675527282
22664991655
22675526282
22675525697
22664992266
22676749971
22676651235
22676653908
22657496586
22665783431
22664994634
22675528689
22675520039
22676743950
22665781802
22665781532
22675527328
22657496288
22675524509
22657496383
22657493839
22665789349
22657492014
22676659197
22676742630
22664998483
22665789249
22676741543
22676742154
22657493344
22657494459
22664995840
22676747484
22675525795
22676740500
22676740795
22664995363
22657491406
22664999564
22664998347
22664993514
22676741200
22676655576
22676658020
22675526326
22657496742
22657498555
22664990301
22676655280
22676741897
22657493812
22676744565
22675524014
22664994595
22665786909
22665783555
22676652733
22676742480
22664991559
22676657536
22664991187
22664990712
22657497492
22675521121
22676651683
22676654239
22676659475
22665780553
22675520297
22675525661
22676749724
22675526222
22657495940
22664991797
22675527260
22676651488
22665786512
22676746600
22664998779
22664996920
22657494006
22657495125
22657498525
22676657093
22664994141
22664991955
22676741395
22676652149
22676743257
22676740794
22657491302
22676748160
22657499577
22676749353
22657492196
22675529582
22664991394
22664994638
22657496413
22675529973
22676655437
22676749878
22657497927
22665789656
22676747963
22665787623
22676740203
22676658101
22664997509
22665786883
22676745132
22676740010
22676659999
22675526743
22676653349
22664994396
22664994870
22657491101
22676656617
22676745852
22657496808
22665789636
22676741680
22664994099
22675529338
22675523154
22665781993
22675523709
22676659776
22676744528
22676651420
22664994866
22676741308
22657491144
22657494897
22657495241
22657493318
22657492912
22664990258
22657497912
22675526845
22675527482
22675528105
22657498046
22675527090
22664997884
22657496040
22676653637
22657499797
22664997600
22675520982
22676743208
22665788464
22676743555
22664991837
22675529190
22664998012
22664998361
22657490107
22657497290
22676658168
22676651523
22657492905
22676659957
22664999264
22664994990
22675524806
22665781582
22675526527
22657497999
22657498430
22676656609
22676658791
22657499828
22676650286
22675524438
22676740165
22675526607
22664990941
22665780912
22665789402
22676658154
22675526404
22664995377
22665788770
22676744341
22676657405
22675529849
22657497346
22665789028
22664995332
22664993283
22657497218
22657496330
22676656870
22665786735
22657499470
22664990542
22676745085
22665783069
22657499448
22657492392
22676650219
22675524600
22675527591
22676742871
22675528172
22665782425
22675521570
22675526856
22676650203
22676658402
22664998309
22665783007
22665789434
22657493824
22657494892
22657498368
22657491109
22664997471
22676743473
22665788369
22664996875
22664995415
22665789590
22675526724
22657499595
22665787965
22676743583
22675527312
22664993964
22657491498
22676653652
22676744473
22657492694
22675526630
22675524284
22664991435
22676745189
22675521449
22665782124
22657493999
22664995897
22665789922
22676658778
22665785288
22664994289
22675523909
22657490687
22676650392
22657491272
22657499653
22665783684
22676746911
22657495494
22676744444
22676650775
22675521652
22675520374
22665785587
22676740550
22665789914
22676742623
22664999754
22657497300
22675525941
22657494849
22676654207
22657493498
22657491196
22675520927
22665786271
22676652256
22665782293
22665780183
22665786380
22676746662
22676747471
22676745483
22676741101
22664996945
22676656749
22664995953
22676658004
22676743997
22676659733
22676653946
22664994599
22676748570
22657494859
22676742660
22676654694
22657495973
22676749423
22676741229
22657491531
22676744785
22665781541
22665783525
22676747695
22665787412
22665788962
22657495631
22657490125
22675521503
22675522441
22665784455
22676657042
22676651665
22676655469
22665780489
22665781045
22676740700
22675528408
22665784306
22664999352
22676655538
22676743558
22664992547
22676654414
22675528430
22664996666
22665786689
22664999393
22676655986
22675521009
22676658038
22657491584
22676657456
22676740202
22676744570
22657499055
22657492134
22664996919
22676744333
22676740450
22675528929
22664994048
22676741029
22675521165
22664994623
22665784024
22675522961
22675527588
22676742859
22676659150
22664995072
22676658134
22676650115
22676659916
22676659455
22664991201
22657494476
22676748488
22657496541
22665784664
22676741998
22676653611
22675523631
22665789285
22657491547
22676744986
22657497083
22664999390
22657496490
22665787236
22657496455
22657491454
22675523578
22664998139
22664997766
22664991940
22676747508
22657497284
22665788075
22665780876
22657490510
22676652894
22675527448
22676748179
22657496899
22676742182
22665784741
22675525983
22665789575
22675527110
22665788429
22676651946
22675527308
22675524282
22657496407
22676746244
22675528797
22665784415
22676650316
22657495646
22657497624
22676654980
22676658456
22664998133
22657495409
22657496569
22657491935
22664997715
22676656335
22675528787
22676650813
22665785722
22665784390
22675527066
22665780349
22657491438
22664993234
22676743367
22676740490
22657494068
22664998569
22676747071
22675524153
22676651489
22676651064
22676658541
22676741585
22665780893
22657490395
22657491898
22657497158
22676658257
22676651288
22664995331
22675525912
22657491578
22676650004
22657497803
22665783171
22657491385
22676741560
22665780484
22675525875
22675523901
22664998654
22664997163
22657490905
22676658881
22675524733
22665785580
22657495073
22665783699
22664992542
22676746114
22676652537
22657492865
22675525868
22676748377
22676749793
22676650642
22676652923
22657493486
22676747662
22676744725
22675525568
22676652418
22665781140
22676748774
22665785870
22657499079
22657496678
22665787053
22675528239
22675525924
22657495437
22657491348
22676659774
22676652038
22675525723
22676651639
22675524528
22665785623
22676741681
22657496464
22665783143
22676742451
22676652423
22665785344
22665785871
22676743321
22665781254
22676658637
22657494308
22676742709
22665786378
22664990067
22676747006
22676657101
22676746207
22676653958
22657493702
22676657930
22676747428
22665783299
22676657236
22657491870
22676744023
22676740188
22675527268
22664996206
22657491238
22657490480
22676656978
22665783790
22676658249
22664995467
22676741712
22665789751
22664994920
22675529879
22657499311
22665780521
22657493753
22665786654
22664991085
22665784671
22657496667
22657498293
22665784141
22657497688
22657491697
22676655514
22664996887
22665786350
22675521018
22676748123
22675523359
22664994779
22676652930
22665789384
22675528251
22676650341
22675528508
22665787432
22657494402
22676656311
22665785792
22675526092
22676656800
22657496821
22657499697
22675521054
22665782424
22676657220
22675523741
22675527913
22676745522
22664992219
22664998657
22664995764
22676744391
22665786636
22665782763
22657490447
22665785123
22657495717
22675523061
22676652549
22676657345
22676651543
22676653648
22665787484
22664999569
22676744287
22676651277
22665787221
22665787186
22675525915
22664993294
22665780269
22657492457
22657491245
22676745122
22676658118
22664998491
22665782630
22675527371
22664998487
22675527719
22665789079
22675521829
22676748558
22657490964
22676656760
22657495750
22665780612
22664991699
22676742625
22657493831
22665788599
22657498364
22664990098
22657491285
22676747996
22675524935
22675528226
22665789704
22665781005
22676653563
22664997214
22676654854
22664999968
22664995536
22676743180
22676742655
22675521479
22675526940
22675529480
22676742666
22664999491
22664993486
22675526381
22664993632
22665785884
22665785958
22676742343
22657499564
22675521235
22657491557
22665788785
22675520324
22657496504
22675527385
22675529747
22675525528
22675520131
22676652444
22676742831
22676653792
22676741258
22675523348
22676651220
22664996679
22665780005
22664994617
22657496346
22664999052
22676656482
22665787905
22665782633
22675523840
22664999870
22676650311
22675522245
22657497387
22676743763
22657498680
22676655880
22665787754
22676749822
22664998842
22664991889
22676746889
22676653604
22664994555
22664994097
22675527359
22675528148
22676655137
22664999501
22664991400
22675521686
22665789323
22676742264
22675528561
22676745859
22676655013
22664993377
22665786798
22676741790
22676746121
22675521312
22676659129
22664995217
22676749755
22675528050
22676650313
22664993933
22676747307
22664997874
22676657310
22676749653
22676658681
22664993438
22675529844
22675525929
22665781605
22675525563
22665783524
22664993791
22664995515
22676746405
22676650988
22657499802
22665784612
22676651553
22657491170
22675527864
22664998129
22676742128
22676654880
22676745490
22676749913
22676652486
22675523454
22676742424
22675522937
22665781042
22675524706
22665787493
22657492773
22657494818
22665788113
22664996763
22676656902
22665788164
22665787561
22676749769
22676652627
22676745706
22665787808
22676744692
22664992944
22665780094
22664995243
22676741179
22665786130
22665788367
22657495670
22676742661
22664993637
22676652240
22675520326
22665788716
22657492818
22676746388
22665786137
22676742314
22675526442
22676656192
22664992162
22675526475
22676651204
22665781245
22665780761
22657497420
22664996281
22676651391
22657494618
22657490532
22665788457
22675520479
22664992035
22675522153
22676744112
22657494026
22675528907
22676744802
22657497336
22676746695
22676744787
22664995690
22675520843
22676744301
22657499903
22657490851
22676746199
22676656232
22675528144
22676742479
22657499930
22665780910
22664996542
22665785551
22675526293
22675521458
22657498216
22676651079
22675521896
22665783347
22664995462
22665789396
22665787154
22664998740
22657496070
22675526719
22676747831
22675524206
22657492376
22665786389
22657490852
22675523966
22664995932
22676655629
22675525334
22665788554
22676656784
22675523671
22676745862
22675521825
22676654334
22676657534
22657492252
22676658966
22675521520
22665789719
22675523811
22665784274
22676740544
22676657176
22676656954
22676740054
22665788926
22657491875
22657493752
22676656896
22676654143
22657493948
22676742875
22676740682
22675523515
22665786492
22665785066
22675524308
22676656877
22665783030
22676749127
22657498307
22664992763
22664992268
22676748564
22676741270
22665789546
22676657544
22676654944
22664999713
22676658304
22676654173
22665784562
22675526042
22676741854
22665788755
22676654868
22675527908
22657495481
22676748684
22675528885
22665781983
22665785467
22676740749
22676657768
22665788328
22675526259
22664993177
22664997519
22665782304
22657493235
22665785388
22657495604
22657496984
22675527417
22664997505
22676743211
22664999611
22657495059
22675529876
22664994285
22676745373
22657493941
22657492085
22657499014
22675524021
22665787274
22664995821
22675524368
22676657904
22675525016
22665785127
22657495741
22664991911
22657499826
22675529212
22676658497
22676657692
22675523006
22676654381
22664995964
22676652622
22664997560
22675522037
22665784748
22657498772
22676653337
22664990264
22676657052
22664995998
22665781547
22676741722
22676747525
22675524861
22657493147
22676741717
22665784331
22657491721
22676742715
22665786103
22676651718
22676741563
22657491833
22657498710
22675524895
22676746265
22664992597
22675520699
22675520272
22676745200
22675523126
22676743731
22676652763
22676651730
22664997154
22675522683
22665785308
22676655021
22675520367
22676740119
22665780948
22665785124
22664998575
22664999602
22664994917
22676742481
22664999708
22657490744
22665782007
22664991768
22675521529
22665789442
22676744721
22657491650
22664994373
22676654481
22675527629
22664999827
22675522475
22664999467
22665782055
22675520910
22675524682
22665783807
22664997601
22675522148
22676656448
22665789097
22676744561
22675521168
22676651480
22664993407
22675520500
22664995108
22657490027
22665789082
22664997279
22676742735
22664999294
22657492826
22675522419
22664991019
22664995543
22665785395
22676749768
22664993753
22657493058
22664991072
22664994593
22676746611
22676742417
22657494793
22657492645
22665782753
22665787729
22676651282
22676656390
22675520072
22675529151
22664992466
22664993892
22657493806
22676659904
22657499082
22675521594
22657498999
22676746674
22664997640
22675523431
22664991937
22675526142
22676741341
22676741672
22675523462
22676659035
22676654790
22657498575
22657497591
22675521469
22665782822
22665782016
22657499568
22664990055
22664994738
22665783556
22675521889
22657493526
22657494481
22675525844
22665787592
22665782353
22657499691
22676745058
22675528715
22664997756
22665784246
22664999937
22676740876
22664993705
22676747857
22676650171
22675529513
22664990325
22675520233
22675529186
22657499908
22664992235
22675527172
22664995112
22675527562
22657491433
22657493762
22665781673
22676740603
22676658919
22665780772
22664997681
22664994197
22675526763
22676657905
22657499499
22676749479
22676650833
22665781947
22665784004
22657497607
22676748203
22665788281
22657499573
22665785637
22665785036
22657499837
22676650245
22665784952
22675521232
22664995012
22676748967
22676658486
22664991263
22676744358
22665783985
22676744156
22664995209
22676746647
22657498843
22675521604
22675523166
22665784908
22676745060
22676654366
22676650036
22676749531
22657493160
22675529071
22657492041
22664996261
22675524034
22664999974
22664998521
22675525962
22676743549
22676656679
22676659979
22676744619
22675523216
22675520080
22676748132
22657491687
22675520158
22657491134
22675527856
22657499772
22675520882
22676747993
22675527314
22657493379
22665782269
22676651286
22657496000
22675528812
22676659985
22676651129
22676741972
22676743751
22657490446
22664995946
22665780202
22665783493
22664991073
22676653471
22665781878
22657497239
22676748763
22664994825
22665789613
22664999925
22657499346
22676652979
22675527544
22664994837
22676658462
22664996863
22676748941
22676742183
22657496386
22657495930
22665785394
22664993858
22676740259
22665781119
22664990806
22675524689
22676653778
22665784404
22657492802
22675527403
22676749457
22657493850
22657492362
22665780829
22676659862
22664990147
22676655308
22675523056
22657490692
22657494151
22676741798
22675528625
22676650632
22675526269
22665780554
22676656927
22676748088
22657491156
22676741504
22664992561
22676745468
22664990774
22664993469
22676651993
22675523855
22664994393
22657490465
22657497808
22664997441
22657498810
22676655602
22676658539
22657490923
22675529383
22676741446
22676659011
22676656414
22675526595
22676652698
22664999534
22676740875
22664994348
22657497704
22675520263
22676748879
22676657126
22676658149
22676650131
22675524008
22665789044
22657497722
22675521144
22657490263
22657494458
22676748773
22676651431
22664993736
22664991715
22657493210
22675526484
22676748060
22657490595
22665787392
22675524884
22657496644
22665780393
22676651392
22675529719
22664996043
22675524996
22664994182
22665784254
22676744025
22675522371
22665781370
22664998079
22657498982
22676652896
22676650603
22676655623
22676745142
22676652998
22676656731
22675522160
22665785323
22664995861
22676656722
22657497575
22657494427
22676749833
22664998457
22675523626
22676651889
22676653423
22665785041
22675528321
22676658425
22675524748
22665786353
22664997651
22675524613
22657495664
22657491038
22657493399
22675523328
22676654110
22676743814
22675523979
22664992820
22664991479
22675520662
22675523880
22676658495
22675524417
22675521929
22665783397
22664997814
22676740622
22664997033
22676747556
22664991593
22657495866
22665782946
22675521028
22675525633
22657494590
22665786049
22664991421
22675521342
22676655526
22664992887
22665788952
22675522557
22675520452
22664997323
22664997554
22657493446
22676748747
22675524294
22664992922
22676747589
22675527410
22675520389
22675527399
22676746268
22676746215
22665785973
22665781405
22676657964
22676655713
22676655289
22675528522
22676743309
22676654896
22676745704
22676656082
22676659258
22665789490
22657496124
22675527618
22664996352
22675523162
22675520009
22675522680
22676657967
22675524950
22665784136
22676746770
22657491993
22657494811
22675521730
22675525081
22664998588
22676653557
22676743331
22665782040
22665781284
22664998549
22664994805
22657494998
22676653391
22675523194
22664994235
22657498195
22657498362
22676742641
22664992229
22664999678
22676742892
22665787437
22675528793
22664993497
22676659965
22676655417
22676659026
22676653019
22676658326
22664997008
22657490755
22676746389
22665782309
22675526530
22675525259
22676652986
22664998538
22675525523
22664995481
22676655565
22665788186
22676747477
22664990796
22664996997
22657499730
22675523542
22657498062
22676747932
22675520681
22676743144
22675525625
22664990299
22676744051
22665783051
22675528407
22665788471
22665784656
22676656562
22675521244
22675525798
22664990052
22675521128
22676651809
22676748921
22675522017
22676748326
22665785611
22676658611
22665787762
22676656605
22664999897
22657495901
22675523649
22665784059
22664994164
22676655432
22657494723
22664992857
22665789423
22665784176
22676658082
22675522402
22675522463
22675520091
22675524154
22675523693
22675527354
22675527928
22676746322
22676744455
22657498757
22676658552
22664996191
22676656884
22665782049
22675529014
22676659572
22657495460
22676652517
22664991764
22665782680
22664993624
22676654796
22665785601
22664993906
22676742226
22664999731
22665780936
22665783658
22675529140
22676749976
22665780579
22664999262
22664995914
22665781884
22665788136
22675529488
22675522623
22676658416
22664991282
22676747564
22675523197
22665784559
22676744812
22664999375
22675526466
22676747449
22675524634
22664995152
22675526121
22676743101
22657498635
22665788774
22676654128
22676657628
22676658922
22676656905
22664991926
22675529079
22664995989
22676651450
22676659220
22676651380
22664998144
22657499086
22657496224
22664991094
22657493024
22665782364
22675525988
22657497824
22664996025
22664995592
22665787582
22675525896
22675529917
22675523534
22665785725
22665787562
22657497773
22675522598
22676746525
22675524230
22665786140
22657490221
22675529537
22657492596
22664998250
22675529150
22664991787
22676747910
22665788922
22675521940
22657498419
22664995096
22676651183
22675521362
22664992139
22675520635
22657491848
22675522764
22664998651
22675521091
22665784303
22664999421
22676749082
22675525066
22675522143
22665781263
22657496942
22664999986
22664999351
22676658682
22664998637
22675528047
22664992053
22676659149
22675520839
22665781535
22676742430
22664997088
22665786365
22676651469
22676747915
22676650712
22675527814
22675520152
22665782388
22664990489
22676650278
22657490373
22675524281
22675527295
22665789212
22657491174
22665785431
22664994132
22676656178
22676740537
22676656602
22675527447
22657494087
22676741166
22675521617
22657497094
22665785156
22676656634
22676655016
22665782948
22675522443
22657497991
22676749151
22664991194
22676655008
22675520785
22676746280
22675525816
22676744225
22665783852
22657492109
22675529364
22676654831
22676748780
22665789383
22664997827
22665785851
22665785108
22676655468
22664996060
22675520535
22676743283
22676651242
22665786576
22657496405
22676740594
22676740535
22665782907
22665784202
22675525729
22657495597
22675523093
22665784320
22676656183
22665780437
22664998890
22675528575
22664999567
22665787750
22676651119
22676659836
22676657820
22657490523
22675526740
22664997377
22675521008
22657491331
22664992909
22676653120
22664992617
22665783996
22676650397
22676653893
22676654238
22675526290
22664998455
22664999328
22665786493
22664997771
22657499711
22657494702
22676651817
22675522114
22675529630
22675524032
22664998597
22664996379
22664991510
22676740959
22676743638
22676746735
22675527121
22664991245
22665788788
22676746813
22665788515
22664991397
22675520088
22675527743
22675528282
22657492690
22664997707
22657491057
22664998647
22676742034
22676741650
22676744282
22675526489
22676651401
22665781965
22664997261
22676741799
22676652481
22675525088
22665787560
22657497632
22676656036
22675529179
22676650984
22665784384
22676746141
22665787470
22675526256
22676659470
22676651539
22657496647
22676740758
22676650790
22676651314
22676653997
22664995033
22665781889
22676745035
22675527085
22676652761
22675521188
22676656179
22657497159
22676744954
22676658368
22665789472
22657490006
22657499725
22675529249
22657491923
22676749388
22664991953
22665786812
22657496679
22657490414
22676652048
22665784294
22665784443
22676656009
22676653217
22664990995
22657490099
22676650915
22676659765
22676749292
22665782626
22676659839
22676656112
22664999347
22665780831
22657497905
22665784132
22676747009
22664997233
22665787677
22657497548
22665785096
22676651139
22665787717
22657496228
22657493443
22676742503
22675527441
22665787872
22676745926
22657495559
22676743243
22675529862
22676659837
22675522369
22676650382
22675528054
22676651888
22676746382
22657496543
22676742058
22676740615
22676743212
22657493164
22665783897
22676747639
22676741250
22676746429
22676746282
22657493125
22657490787
22664991783
22676655273
22676747809
22676744515
22676744430
22664994999
22665780099
22676745140
22657491439
22664992727
22676742236
22676745302
22657492322
22676659518
22676749529
22676740364
22664998095
22665782977
22665783409
22676655928
22665785300
22675524186
22664990700
22657497760
22676654687
22664991831
22676651201
22664995151
22676650275
22657491739
22665785642
22676652949
22657497970
22676652135
22657497463
22664990937
22664990864
22675522125
22676748574
22664999673
22664995545
22675523858
22657492353
22676740840
22676746864
22676745212
22664991729
22665780656
22676740068
22665786480
22676740980
22664997523
22657495803
22665787683
22657495551
22665782800
22676748688
22676654791
22664999672
22676657048
22665786982
22657490264
22657495270
22675520102
22657497972
22657490499
22664992603
22676656200
22665782827
22657494726
22676746051
22664990245
22675528390
22657496850
22665788853
22665782613
22676657545
22676741385
22665789902
22664990652
22657498366
22665786055
22664992195
22675520421
22675529768
22657498338
22676741470
22657490533
22675525612
22657490030
22657497942
22676743010
22675526685
22665783498
22657498938
22676658056
22665784187
22657491489
22676746078
22675529236
22676749514
22676658404
22664992330
22675523389
22657490149
22676741118
22657499255
22676749582
22664998228
22676740546
22676743441
22665781915
22676658068
22665783170
22675524870
22676747618
22675522709
22676651530
22676746284
22664995898
22676748201
22665787909
22676653935
22676653348
22676747648
22676748414
22676740299
22664997831
22657493091
22657499901
22676745641
22676743564
22657494207
22675529110
22664999819
22665784865
22676741180
22675526564
22657491720
22676743043
22676745756
22665781081
22676743665
22676748521
22675525777
22676742829
22676655039
22676746315
22676658945
22657497551
22676740504
22657494498
22675523545
22676658559
22676656027
22664994616
22664999127
22657497792
22676658062
22664998888
22665782620
22675526314
22665788368
22676658284
22676658770
22664998299
22657497774
22657491215
22665782623
22665783430
22664997784
22665786557
22657490917
22676746005
22675523152
22665784839
22657493200
22675524103
22664990842
22657490666
22675525834
22664992269
22664998074
22676654316
22676653925
22676650615
22675523632
22665786984
22676745426
22676653594
22676742805
22657494059
22657490708
22664998882
22657495201
22676749876
22664991899
22665782561
22664995261
22665780111
22676741928
22676653360
22665781762
22676744914
22676659743
22676652218
22676746299
22676748156
22665782089
22657492379
22675527366
22675521806
22657493968
22664999836
22664990273
22675525530
22657494161
22657492603
22676741879
22676655533
22657492553
22665788523
22676657311
22676650312
22676654937
22664996106
22664992915
22676657952
22675528315
22676749064
22676657087
22657496927
22665789235
22675528040
22676743694
22676748129
22676741424
22657496470
22675524956
22657495950
22665789681
22665786917
22657496024
22676652823
22676657078
22676746303
22657494289
22665781670
22675526765
22657496255
22676654588
22675520745
22665783385
22676658929
22665786477
22664998601
22665783768
22657495490
22664995790
22664995542
22657494418
22675529585
22657496703
22665783109
22665789446
22676742558
22657495294
22676743165
22676650048
22665789845
22675527068
22676652279
22665782322
22675522531
22665786262
22657490615
22657494951
22675521353
22676747445
22665789731
22676656963
22664997014
22664996386
22676656799
22657493658
22676657645
22675524654
22675528652
22675524119
22665782979
22657497351
22665781235
22676748442
22664991088
22664996939
22676748183
22664995728
22676740910
22676658336
22676743902
22676742743
22664996297
22676743030
22657490091
22676746750
22676741635
22675525375
22676654767
22675529003
22657493418
22664993915
22676746845
22676746644
22676747172
22676747383
22676742559
22676659207
22676652028
22675523090
22664999644
22675529878
22675529301
22675528492
22675520934
22676743636
22676742897
22676745338 