75528504
75529910
65784207
76650356
57492869
76659624
65787303
65787309
57499089
57495323
57491648
65787884
76651705
75521084
64998805
75523069
64997466
57498857
64998104
75526263
65783855
76740519
57494233
57490223
76658283
64992825
64997415
76651333
65787311
65781393
64999561
75523691
76749870
57498138
76652726
57493157
57490155
76749960
76747606
65782012
76652605
65783477
57498775
75529958
57494079
76747755
64997637
65781138
64992364
64991890
65783059
76652299
75524120
64991035
75526461
76747667
76650635
76747030
76745054
64997378
64997711
75529921
75522625
57497562
76744977
76742822
76746535
57495960
65789258
76659570
65788628
75529544
65785318
65786713
76651368
76654664
65782450
76654170
64996637
57499210
64994609
76655100
64991432
57496417
76659712
65789885
65786634
65783320
75520073
75521599
64999706
57495039
75525789
76749799
75528174
76741066
76747707
65781809
57490448
65785324
76657517
64996756
64991327
64991683
64991389
76744928
57498885
65783541
64994423
75528665
65781621
76742577
76653995
75521622
64996081
76744496
76746684
57491485
76744735
64997927
57491809
75529737
65781643
65787219
64991437
76743982
65788961
76740545
75529059
57497894
65780126
76653254
76747607
75528947
76655433
65786246
65781051
76741384
65788176
57492900
76653681
64996218
65787328
65781612
76743414
76659927
65783132
76654662
65783441
64992818
76654118
75526612
65784729
76747799
76745776
65788128
76747125
76659303
64995082
64996826
65785030
65782143
76658874
57498751
57495667
76652691
76658483
76742233
76744809
65781977
76746441
76746630
76651690
65785677
76741591
76650600
64996922
76747087
76742269
76742497
65780221
75520968
64999747
57497192
64991496
76653338
75528551
57493391
65780702
76747879
75520515
64994299
75528971
65781474
64992122
57492453
76745215
64997493
76742398
57495840
65788112
64994233
64996149
65789671
57493008
65784883
76651039
65780546
76748467
65782112
76654643
57495813
76746397
76654443
64996205
57497381
76745931
65789123
75528384
64996968
76652969
75526425
75529907
65780518
65786172
76651790
76742059
65786944
75526203
75525173
75521879
64995887
64998405
76748350
76651147
57492326
64999846
76742189
76745580
64993580
75529320
65785141
76744066
57492090
64994279
57496638
57497359
75521068
76656114
65783550
76742312
57491828
65781200
65780597
64998743
76747186
57493320
65782748
75526645
64995750
76748898
65788932
76652573
65785263
76748751
75527509
75521725
57497820
76655532
76744035
57490648
76748839
64993491
76742930
75523786
75527402
57492590
76656885
76659947
64997224
57499537
76651411
64990730
65789313
64992541
57494838
76741106
76659731
57495605
75526343
75526502
64994822
64996610
57499536
65788579
65783426
65784142
65781651
75520345
75522035
57491477
76746183
65786006
64996618
65785518
76740213
76654848
76744670
64994312
57495084
75529590
76654641
64999068
76657616
65786357
57493230
75526380
57490452
76650765
64999143
76740381
76748155
65786991
76743534
76655965
75521939
76651850
57497669
57491053
76748937
64999920
76746617
64995992
64992114
65784819
64997079
75525258
64998667
64999816
64990603
65788226
65787268
76741353
57495623
75526458
64995038
65781386
57498498
64992724
76740989
64995338
76741465
65788973
76748502
64998766
64994433
64995284
64991927
76652766
57499982
76655425
76743036
65784343
64994437
76659660
64996188
64997006
57495834
65785442
76747278
64997835
65788948
76747998
75521096
57497296
65786968
76745709
76741216
64996257
76650540
64994943
57496662
76650541
57497857
76740335
76659551
76652846
64995205
64995244
64997794
65786308
76651475
65789224
76743117
76659072
76744178
57491905
64997752
76651996
65789204
64996591
76742281
64997590
64990255
57493851
75526030
64998669
75521667
75522593
64992884
76747041
57499512
76742984
64999488
65788229
57499396
75527840
65787603
65786313
57494963
76747676
57494190
57493719
65789662
76748163
76749373
76748274
64998744
76653102
65784090
76742229
75526977
75520641
76651810
64991539
76748231
75528038
76656715
57491625
75522168
64999799
65788208
76741839
57499453
65781178
75523539
76658736
64992973
76741665
76650205
76653821
64996337
57496117
75529243
76746769
75525071
76744128
57496869
65784000
76653302
76651782
75520755
65783322
76650249
75522602
76657507
64990120
75521041
76749272
75527231
75524954
57497938
76653140
76658018
64999224
57493549
76652776
57492713
75522437
57493703
57496274
76657091
76748808
65781194
75526149
57490679
57490428
76744545
57499793
64997974
76744129
76651465
65782774
57495214
57490778
76740868
75523349
75520105
76747656
76654115
76650992
57494009
76749892
64994628
75528379
65780206
57492849
64992113
64991489
64995615
65786298
76650532
57497574
57495538
76746934
64993290
76656836
64996734
76745974
76749616
76653733
76742019
75524794
76656258
65782521
75524467
76650263
64994567
57498562
76749546
64992706
57496043
57494708
76653634
76652315
76742862
57498749
57499847
76651198
76655529
75529928
65782996
76747612
65784336
57498011
65788994
75520089
76745395
65787772
75521985
64993454
76745188
65787747
76746502
57490214
76746174
75526043
57494104
57493548
75528503
76746855
57499540
76655398
75524749
64992810
76652196
64998960
76653125
76657630
65783561
57497078
75522009
65788651
76746133
57492598
57492778
57494756
57490971
65782648
64992564
76659073
64993328
75522103
64995936
76745425
65780209
76745259
57498228
76743546
76652557
64995641
65788514
76655283
75523913
64991678
76659661
76654505
75523405
64993115
57492968
75521692
57496616
65783425
65784579
64998136
65788582
57490457
57495036
57495172
65786381
76654950
75527226
64996672
75522124
76743771
76659545
76747410
57497321
64995820
57494667
76659319
65788189
64992177
76650141
64992546
76652532
76744940
65787334
65781416
76650325
75523159
57497457
65788319
76658518
75525325
76742429
76655119
65789659
76654579
76653150
64995666
57495264
64997280
64994230
57497768
65787998
75527313
65789597
75525841
57490228
64996688
76746666
57493521
64997552
65786881
65785702
65784809
75528666
65787770
65788516
76652903
75529933
75523341
64996962
64995643
76747052
76650113
76652181
75525614
76742228
57493554
76745463
65781436
65780417
75527616
65781703
57498687
64997198
57493651
76656016
76657711
76740829
64995783
57491249
76656524
65780410
65788703
64996620
57494588
76655139
76741565
64990641
65781671
76744387
57499124
75524285
76742097
65781071
57496671
75523013
76652529
76746119
57498158
76749145
76653923
76651068
76652349
57492902
65787542
65784745
75524147
64993874
75520475
76742616
75529114
65786615
76654532
65789981
75525855
65784191
76657012
65789213
76744754
76742658
64999948
76746985
64997708
65786291
75521481
76659510
65781190
76742136
75521258
76650520
64992919
64999042
75521967
65785597
76656282
57491592
64992058
64994876
65780833
64992795
64997878
65786914
57491515
65788844
57492269
75525226
76747836
76744976
57495875
57490074
75526162
76658144
76654515
65781967
65789004
75526177
76741423
76746053
76742396
65789968
57496747
76653350
76744250
65787203
75529326
75528360
64993127
75528871
64994505
65783839
57498294
76653465
65787774
64993697
76650549
76653411
57497825
76745787
57494927
75524238
76743802
64995461
65781946
76659894
75526772
64998632
64992152
76653122
75521855
76749660
64996564
76749940
57492168
65787459
76745684
75525367
57490699
75528010
76747498
64992585
76742546
65789830
75524393
76744237
57493757
75524724
75525469
57494848
75522696
57493051
64990002
76740473
75525757
64994900
76659209
57498759
57495464
64992461
76743679
57497785
75522396
65784709
64997114
64998327
76748302
76740033
76658244
64994045
76746153
75526152
64996838
57490628
76658732
64990717
64995520
64990128
57498361
75529992
64991879
76652200
75524244
76741521
65788758
65781377
57498742
57497694
76746213
76745026
65782747
64995232
76657840
65784791
64996471
64995020
75526123
57495629
76651137
75528632
57490877
64990566
57492234
76658806
76656911
64995465
64991331
57497831
76746007
64996178
75528865
76654049
65786370
65781573
65786531
76657852
57494430
57490925
76746045
76749367
75526420
76659823
65789203
75525781
65781262
75527901
57492406
75521271
64994199
57497932
76659394
76656361
75522833
76743343
76659535
76745796
76654909
65783413
65788744
64997981
76749544
57499870
76650306
64994722
75527148
65781711
76650895
75527909
64992761
75529941
76740524
65780387
76652155
76742299
75529241
76742037
75523461
76655895
76743105
57495952
65789657
75520913
65786446
64998385
57491831
76652694
57492935
75528838
75529814
57495310
75524801
64996417
64999524
57492821
65787578
75526368
76749828
76749268
65786698
65786154
65787890
75525573
57497724
65786337
75520493
57499710
57490985
76655372
64999003
76650084
64992394
64994873
76654872
75529189
64997792
57493030
65780770
76749835
65786524
75521327
64990324
76650154
76659364
64999148
75522521
65783964
65780508
76740023
65787574
76743382
75524344
76745686
75525772
64997125
76744836
57495530
57493211
76658883
75523444
64994382
75523380
75529234
65788157
64990020
75520141
75529027
57496841
64998709
64995442
76743901
64995086
76658217
57493588
76655595
76748461
65780178
65784620
65788051
65788536
75527575
75526039
64992414
75520953
65785496
64995743
57494271
64995482
57494799
65784419
64998373
76743973
65789289
65787083
64990173
76745643
57495768
64991006
64998318
76749780
57493342
65787267
64991733
76656372
64994320
65788376
65789935
75528334
75526926
76749794
76749778
64993494
64996961
76744662
75520049
75522152
64998080
76651827
57497234
65786279
57499995
65786418
76651505
75525917
76655709
65788914
64996329
76746752
65781188
64996507
76742018
65786060
64997741
76650567
75524922
65788250
57495247
76652535
76652681
75526784
76656713
76652851
64995432
76745423
57497271
64996210
65788374
65782710
57498863
65787816
64995882
65788349
57493273
76741970
57494117
76653524
76746847
65788951
75521233
57491585
76652907
76742039
76655727
76654132
75529500
65780524
75520536
76651098
57491516
65787410
76744583
65780369
65780096
57493167
64994523
75524431
64992683
75529631
64998341
75523860
76740297
64995110
64998928
76749869
76747741
76652417
65785924
76744133
75525867
57492008
76743267
65788624
57499259
64992650
57499665
57494974
64997225
76655840
76659603
75520199
64993012
75526376
57490279
57496123
65786078
65784284
65783805
76741598
57495696
64991752
76747257
57499767
75523610
76654573
57499025
57492279
64993009
75521190
75523547
76747912
65789065
64999956
65785090
75528839
76659724
75523884
57491166
64995326
65783542
57490750
65782457
75527982
57494321
57490653
75528962
75525514
64990140
76656357
65787297
57492363
75524029
76655062
64996284
76740842
76740484
57491845
75522729
64999225
57490206
57492733
76656941
64995713
75527434
57493482
57491059
65788015
57499672
65784416
65787837
76658669
76747093
57498336
64999079
57493622
57497570
75528832
76744540
57497963
76659941
75523695
57492199
65781659
75528101
76659476
64994641
75523819
65786969
75528597
76658245
76742381
75528796
57496713
76652092
76740760
57492742
57497451
65780350
76652654
57494290
75527549
76656899
64995777
76745727
76744460
75526801
64991838
57495220
76743589
65786374
76650762
76742998
75528756
75522014
65784498
57491924
76652882
65788859
57495248
64995249
65785169
76744929
75528873
57490518
76743475
65783606
76658690
65782661
76745319
64991982
57494194
64991781
65787196
65782609
76741754
57499970
75529155
65787978
65787749
76654149
75521849
64994190
64991272
65786227
76740036
57493441
57492181
65781061
64992374
57495474
64999396
76658664
65788062
65784503
76658041
65786202
75520729
64993444
75525167
57498400
57498760
57493572
76650267
76658931
57497465
76746081
76651936
57492505
64999829
65782070
76652779
57492020
75527520
64998088
76653896
64993546
65789999
65785809
57491180
64991307
65780150
57498370
64990961
76740614
76742428
64993626
75529267
76651872
64993365
64995115
75522355
65786496
65780572
64990468
76651927
76653416
75526135
75522483
65782451
76744895
57496402
76743809
57496740
57492129
65780428
57495900
76749486
64990924
76749919
75526865
76651432
65782735
76747370
75526470
64995933
75523321
65785352
64996171
65782395
57491501
76654301
57495233
75522126
76654866
76745554
76651390
75529305
75523970
64990695
75523562
76656915
65789188
76652478
65787545
65788828
65784164
76659481
76743538
57490454
76654254
76650663
57498478
76749330
75524615
57491035
64998105
65783672
75524041
76652112
57499273
65787290
76657965
65788661
65787624
57497015
76658270
64998759
76651593
64993999
64997575
64998794
64996795
75520511
65780147
76650922
65783130
76654863
76655276
65785660
57493085
76749414
76749774
76650876
65783158
76749144
75525358
57495272
76744266
57497795
64998350
65787815
57498536
57491123
76745562
64994172
75524852
75527666
75528432
64991018
64997549
75528194
76658509
57494296
57498846
75526399
65781154
64996097
64996800
64990666
57494860
65787466
75520067
57492335
76749214
65781012
65780215
65786401
64998869
64998190
65786198
76742745
76655018
75522434
76657874
65784342
57492831
75524524
65787368
64998431
76659865
76652563
76747842
76740560
76747161
75529826
65787594
64990394
57498630
76653750
76654063
57499947
64991448
64993612
75523494
57494561
76742288
76741495
57499990
65780631
76745456
65787885
75520420
65784380
64998410
75526403
76746354
75522695
64995396
76744377
65788416
57490108
57497708
65781444
65785691
64995816
64990563
76744175
65785764
76742557
76748058
76655548
76749167
75527099
75523968
76654825
65784147
57492677
76659708
65781795
76748360
75527715
75527230
65783204
57490126
75522538
76741609
57499636
75523871
57491396
65786542
65781187
75523737
65786803
57499384
57499782
65788316
57490825
75524166
57490018
65789918
76746882
57492459
75528651
76653017
75524404
76653684
64992199
64993000
75525201
76651202
75526196
75520181
57496986
75525101
65781355
76650170
75525315
65784439
64998120
76656833
76746573
76656499
76741127
57495358
57492718
65788419
76743928
76658558
75528211
75529636
76748017
65786475
76653091
65783685
64995655
75528121
76748318
65783513
76655380
65785371
65780044
57493829
75521902
57496333
57491040
57495581
57495219
76657292
75525883
57497074
76743269
76745404
76748369
57490366
75520329
64993867
57493371
57494033
57493849
65785775
65781038
75526001
64993182
76655111
76746037
76653952
76651130
75522759
76745186
75529836
75527630
64993988
76747309
57493303
65782805
65784497
76749061
64993235
75526746
75527702
64997320
76744644
76744865
57496420
76745970
64991630
76656704
64993206
65782151
76740936
76657892
76741121
76748349
57496071
76651567
75523330
76652232
76653738
57493184
76745780
65786121
64998400
76652638
65785582
75522383
76652640
65786168
75523466
76653439
76743177
65783948
75521813
64999410
76742668
75528824
75529919
65789110
64990353
76742082
64998160
75520474
76654453
64994158
76743110
75526708
57496493
64998042
76748694
65784077
76747192
76742447
57490090
64993685
76654550
76655894
75529462
64995588
65781114
76654795
76743700
64993929
76651854
65786657
76651773
75528288
76741634
64990061
64999438
76743815
64995865
76652686
57497360
64994745
75526601
75523131
75529576
64990063
65788452
76650680
57499890
75522926
76654094
75526049
65780002
65788347
76650627
64994772
76659139
64991450
76651228
76741997
75525765
65786129
75520164
76651848
65783196
75524276
75523659
76747460
75526085
65782839
65787299
76743070
64992612
75524681
75521344
76742375
76659094
76749430
75521092
65784759
76650107
65780907
65789340
64993846
64991828
64990091
76743632
65782349
65785874
65789284
65784414
76652432
64999033
76658943
64995595
64997301
65787234
76655872
64990927
57495554
75521640
75526718
65781478
76650928
65780283
64993622
76651907
76655412
65780776
76747601
76653362
64990696
75526617
65786646
75524896
57498398
76744454
57495335
76741977
64998829
76652118
76659095
76747241
75529676
57495090
76742452
75528153
57493044
76650424
65783933
64992458
76746984
75526220
76657984
64995444
76658914
57497445
65783979
75521907
76654307
57493568
76746564
65784410
76659299
76743216
76747635
57494091
64997029
64996704
76659053
76650394
64992695
65783163
76653237
64991170
76656266
76653841
75526598
65786865
76656029
65782116
65787575
75527025
57494149
65789548
57493270
65783135
64998958
57490234
75520273
64996778
57490641
57497060
64992147
57493067
57495658
64991535
57497342
75527203
76653153
65780022
75529558
76749857
65782488
76740856
76654608
65780643
76658673
65784222
76743505
76651520
76743365
64991598
76744543
57496010
64990847
76657137
76746433
75521223
65786804
64990408
64993610
75529009
76654172
76657858
57499974
76654059
76749619
57491776
65780267
75521635
75525182
76658278
76657151
76749643
57491462
76748702
76658632
64992470
76653933
75521112
76651562
76655838
76650999
65780370
64995827
76745055
57497413
76745214
57491200
76659137
65780788
65787287
76749641
76659666
75529824
64994975
75524269
76658346
76740681
76740649
75527119
76744364
75529317
76749790
75529413
76653303
64991550
76657975
64998514
57495443
64991657
76743559
64999867
57497257
57496597
75524478
65782384
76653848
65787992
75528515
64994904
65783247
76650752
64994799
57492231
65781836
76658400
76655375
76655413
65787005
76654751
57490241
75527128
75528727
76743086
64997500
65784592
64991845
76744479
64994677
64994910
64991705
76741438
76654395
57494034
76740280
75523257
57498929
75523657
76747688
65782727
76742809
76743346
65785754
65788389
65788161
57490700
76744849
57495147
57493555
75526100
64998178
76654517
65780053
64994296
76652046
76659970
76658627
75525998
64994603
57499545
76747496
76748544
76744695
65781173
64998150
64992252
64996584
64998294
65788913
76747454
76747219
75524442
65784906
57498002
76654966
75528263
57498015
76749595
75529388
64996531
76748408
64997157
76659978
65789859
65783895
64990312
64991141
64992737
76746108
65786939
57492704
57498171
64999430
76655585
75526554
75520354
65781379
75529632
75529985
57499127
64999887
75523145
76652941
65783720
65788792
76652083
76659911
76659477
57490041
65788160
57496468
76654922
64994006
57497852
57494172
65780962
76657454
76749788
76746588
76651511
75523353
57495203
57494073
76653172
57491140
75525159
65787113
76749873
65786222
64993128
57497320
76656476
64992020
57496819
76749207
76650297
76653709
76651163
75528573
76744203
64993535
57494960
64996530
65783328
76653887
76742899
75520518
57499692
75526010
57493452
76656291
64993772
57498708
75523306
76743413
76650418
64990592
57498256
64999702
76655391
76653990
75521216
57497233
75529753
64998474
75529039
64992045
64999684
57499435
57496011
76656515
65787888
75525215
57490002
76651358
57497951
57496081
57492591
76658672
76746424
76747056
65788589
65786770
76659375
65789024
64997381
64992491
75524566
76657028
76744552
76749705
64997546
57491025
57499004
65786255
75520547
65787511
65780716
76741583
75520015
64999217
75529900
57494443
76746333
65782925
76651154
57493464
65787523
65782920
57498934
57492135
76747776
76651166
57493694
75523532
75520289
64999011
64999730
76740089
57491430
76741535
76743142
57498442
76656073
76656080
75529207
57490626
65788534
76744212
76659631
76741967
64994577
76658383
75522841
75521056
76650578
57497323
57498070
75529624
64996928
57490701
65784352
75523629
57498702
75525419
65783926
75523511
57498381
75522779
65788474
75526657
57491054
76743204
76740869
57497601
64999280
75520628
65783469
64998664
57493783
75525030
65782578
64992440
57492065
75526561
76657777
76748689
76656395
64992017
76651691
76747987
64990549
76741116
75527798
65785002
76748786
76744581
76659060
76747040
76745823
76740757
75527669
76654624
76746088
57494512
76741120
76654932
75526693
57492501
64993022
57492788
76740713
64990185
75527055
64994428
76655173
57491922
64993726
75520256
75525754
76653116
65783384
76657731
76658089
57491474
75527809
57491244
57499112
57490226
57497027
76742317
76656982
76745450
75523977
57496529
75523581
76658040
57492630
64993965
64996445
75521381
57493954
57492664
64990101
57491409
76650574
57498962
65789426
65788637
57498151
76748509
64993897
76652552
76655760
75524883
57490883
76659422
76743042
65785562
76653767
57498584
65788174
75525955
64995350
64992637
65787775
65789811
65788125
65784139
65783110
76745329
65785411
64997951
57490512
76740125
76743060
76652603
65784687
65784762
76741867
57493432
75525000
64994360
75527214
65784174
57496811
57499748
64995804
76656269
76747334
76740072
76746506
64992601
75523172
64990982
76744807
75529522
76744877
65783262
76742647
76655262
57490943
76749819
64990401
64990198
76747970
76654024
65780182
57499440
65788348
65784471
57495832
76741909
76654470
64999616
65782639
75523044
76657429
75523973
64999496
75529199
65782779
75526454
64999460
65784166
64990993
76748543
64992594
64996590
65782181
75521274
65783798
64999274
76655621
65789531
65784957
64999704
75524918
65786767
76748074
65781380
64991328
76742513
76746138
65784100
64997702
76651865
65783216
65781956
75529050
57498955
75522353
57491075
76656543
76744125
76652955
57497856
65784609
76654600
75525916
65786832
76656037
75524882
57494679
76740156
75528078
65780159
64996829
76747613
75521442
76745291
75523504
65782554
65780085
57498399
76654531
65785802
57491098
76652639
76749654
57490385
76653766
57498658
76741920
57491511
57492088
64996858
75525281
57497138
76745332
75523450
75528451
75526868
76740761
76650585
65785140
57491461
76746017
65780047
76657586
76746586
75526936
76657514
65783070
75525945
64995505
64995924
65785888
76742754
75526818
64992180
65785026
65783179
76740887
57492619
57495181
75526569
57497268
64996045
64997850
76651787
65788985
75529789
57497907
75521680
64990413
65780938
76740708
57493077
64996552
64997152
64996744
76656008
57497475
64999806
76656811
65783842
57493662
64993140
76746682
76742771
64992223
57496205
75525693
65780756
64990643
75522657
57495927
64994529
64996089
75524835
75521138
65783071
76741475
64998166
76749122
57494400
64998019
57490869
64990837
75528490
57495334
76652470
76652891
65783937
57496980
57493327
75528758
57491927
76747197
57497067
76655104
64999470
57495691
76654137
76748792
64997328
76656379
57493715
76656002
64991679
65787532
76655040
76747147
64998851
64994384
57494467
64992717
64999147
76659676
65783406
76744365
75526583
76742172
57495370
65782159
76651937
76658424
75525704
76746546
76652966
65785686
64993101
76654487
76740250
76745690
76659381
75524549
57490614
64995032
75529550
57496617
76741047
75523096
76656615
75521717
76650986
57492763
75529509
64998179
65786085
76654468
64995619
75526768
75527513
75525810
65785494
76653844
76742350
64996629
57492332
75523816
57494805
64990043
57498183
76652711
75520184
64999545
75521625
76655882
76656897
57495382
75529221
76741619
75520204
75522803
57494887
57493534
76652848
57491240
65788080
64999440
76740463
64995304
76749169
76657594
76650065
76749639
57498905
57494456
65789837
75525756
65780009
75529929
76745940
75521745
76652206
75520327
76652324
57499023
57491399
75528493
57496199
57499676
76742249
76653538
57497802
75525845
76656176
76741880
76741054
57493477
76742079
75523312
57499242
64999941
75520288
75525120
65781696
64993652
76658772
64994379
57497759
64990142
76743290
75527052
76659132
57493559
76747826
76745783
75522447
75521742
76651561
64996775
76740915
76746705
57496182
76747227
57493973
76741730
64992478
76654033
65781747
76743190
57491034
75528599
76742542
57494794
57497370
76651492
75524020
75525255
57497440
76749818
64992222
75525176
75523440
65788104
65788960
76651586
64993602
75528711
75522630
57491514
64991760
75529235
76743800
76656211
75525516
57496517
65784712
76744338
64996008
64992644
57499732
65781599
64998963
64991653
75529389
76746334
64999495
76654867
57490982
57496572
57491545
75523296
65780706
76745913
64991341
57492033
65784369
76745610
57494110
76747913
64992799
76742054
57497375
65787500
57499237
76744014
57494312
75520782
65780172
75529945
75523743
76659344
75524637
65783257
64999170
75528997
75527717
76651153
75522567
75522314
65787413
76740352
65780400
76650463
76655509
57499068
57496786
65784595
75526893
75528631
75529804
64999324
57493257
75521012
64999032
57498627
57492668
75528084
75528494
57492308
75527332
57496429
75523759
65780055
76655349
64998266
76653483
64993329
64999824
65784515
65787862
76651751
75522027
65787275
64990149
75526769
57491131
76744343
65788000
76740967
76651036
57494119
64992442
76651019
65789104
75522252
57490768
64996229
57493454
65780871
57490552
57495091
76654943
65780596
76740466
57495026
64999687
76651657
76657294
64997782
75529972
57490736
65784794
76747469
64992859
76742676
76743639
75528984
76744180
75526157
76749834
57499166
65784349
76651158
65781544
76749545
57493220
76740189
57495402
76745784
64990241
64996230
57493835
64995342
75528405
65783066
76656137
65787517
76746948
57498177
64994205
76650077
65787352
65785514
75522896
76655047
75522129
57499410
57492273
76657353
76745994
64993131
76659614
64995172
76745584
65786723
64996907
76650559
76655823
76746697
76741710
64994510
75522985
76656632
76749012
76657670
57497527
64998090
76740228
75529343
76742742
75520186
76748059
57495963
75529473
57495994
65788772
75524845
57498118
57496695
76651455
76650489
64997842
75528739
75524507
76745350
76747647
76741477
57499143
76745887
76655063
75522554
65789554
76655724
75524977
65786838
75525492
65780735
65787658
76651497
64996489
75521672
76743993
76740120
76655562
76654846
57497706
75520903
76650575
76651328
57492177
76747475
76747838
64990134
65783395
64990298
75526378
64990188
57497207
64992534
57494445
76741561
57495567
76740570
57495943
64998445
64996693
76650829
64993941
75523663
75528232
64998027
57492653
75529284
76653004
75528799
76740336
57491566
76747013
75526345
75525935
57497177
75521405
75528358
75527382
65784395
57498577
76749471
57494317
64990910
64996004
76740148
75528041
64999358
57490075
65784999
76749979
65785225
57497633
76656072
64997322
76651589
57498837
65782699
75522939
75524403
76740264
64991314
76654274
64992492
76658680
57495276
75522845
76741142
76741656
75520761
75525890
65784310
65786607
57498117
76741620
76748315
76656767
57495584
65784953
75522082
57498515
64992307
76654974
75526585
64998802
65789705
57491082
64998771
76744321
65781336
65784862
76748428
65788509
76657112
57499314
75522043
64994410
65789457
64999321
76740935
57490135
64993855
64990670
57490425
75521343
75520020
64991224
57498690
65780662
65788501
57493626
64997923
76748555
64991300
76747595
76654982
76742740
75528003
75526355
76655172
65783660
76740687
76655977
57499561
76740445
57495256
57498714
76745987
65785668
75528848
57490634
76659277
65787608
57497299
76741003
75528744
75520928
64994288
64990213
75526788
64996816
76657082
64998087
76653314
76652866
75521226
65784122
76749202
65786133
64992661
76650160
76745564
57498720
57499883
64992835
64999663
64998896
76657180
76659141
75525129
76658702
76656302
65788037
75524279
75527282
64991655
75526282
75525697
64992266
76749971
76651235
76653908
57496586
65783431
64994634
75528689
75520039
76743950
65781802
65781532
75527328
57496288
75524509
57496383
57493839
65789349
57492014
76659197
76742630
64998483
65789249
76741543
76742154
57493344
57494459
64995840
76747484
75525795
76740500
76740795
64995363
57491406
64999564
64998347
64993514
76741200
76655576
76658020
75526326
57496742
57498555
64990301
76655280
76741897
57493812
76744565
75524014
64994595
65786909
65783555
76652733
76742480
64991559
76657536
64991187
64990712
57497492
75521121
76651683
76654239
76659475
65780553
75520297
75525661
76749724
75526222
57495940
64991797
75527260
76651488
65786512
76746600
64998779
64996920
57494006
57495125
57498525
76657093
64994141
64991955
76741395
76652149
76743257
76740794
57491302
76748160
57499577
76749353
57492196
75529582
64991394
64994638
57496413
75529973
76655437
76749878
57497927
65789656
76747963
65787623
76740203
76658101
64997509
65786883
76745132
76740010
76659999
75526743
76653349
64994396
64994870
57491101
76656617
76745852
57496808
65789636
76741680
64994099
75529338
75523154
65781993
75523709
76659776
76744528
76651420
64994866
76741308
57491144
57494897
57495241
57493318
57492912
64990258
57497912
75526845
75527482
75528105
57498046
75527090
64997884
57496040
76653637
57499797
64997600
75520982
76743208
65788464
76743555
64991837
75529190
64998012
64998361
57490107
57497290
76658168
76651523
57492905
76659957
64999264
64994990
75524806
65781582
75526527
57497999
57498430
76656609
76658791
57499828
76650286
75524438
76740165
75526607
64990941
65780912
65789402
76658154
75526404
64995377
65788770
76744341
76657405
75529849
57497346
65789028
64995332
64993283
57497218
57496330
76656870
65786735
57499470
64990542
76745085
65783069
57499448
57492392
76650219
75524600
75527591
76742871
75528172
65782425
75521570
75526856
76650203
76658402
64998309
65783007
65789434
57493824
57494892
57498368
57491109
64997471
76743473
65788369
64996875
64995415
65789590
75526724
57499595
65787965
76743583
75527312
64993964
57491498
76653652
76744473
57492694
75526630
75524284
64991435
76745189
75521449
65782124
57493999
64995897
65789922
76658778
65785288
64994289
75523909
57490687
76650392
57491272
57499653
65783684
76746911
57495494
76744444
76650775
75521652
75520374
65785587
76740550
65789914
76742623
64999754
57497300
75525941
57494849
76654207
57493498
57491196
75520927
65786271
76652256
65782293
65780183
65786380
76746662
76747471
76745483
76741101
64996945
76656749
64995953
76658004
76743997
76659733
76653946
64994599
76748570
57494859
76742660
76654694
57495973
76749423
76741229
57491531
76744785
65781541
65783525
76747695
65787412
65788962
57495631
57490125
75521503
75522441
65784455
76657042
76651665
76655469
65780489
65781045
76740700
75528408
65784306
64999352
76655538
76743558
64992547
76654414
75528430
64996666
65786689
64999393
76655986
75521009
76658038
57491584
76657456
76740202
76744570
57499055
57492134
64996919
76744333
76740450
75528929
64994048
76741029
75521165
64994623
65784024
75522961
75527588
76742859
76659150
64995072
76658134
76650115
76659916
76659455
64991201
57494476
76748488
57496541
65784664
76741998
76653611
75523631
65789285
57491547
76744986
57497083
64999390
57496490
65787236
57496455
57491454
75523578
64998139
64997766
64991940
76747508
57497284
65788075
65780876
57490510
76652894
75527448
76748179
57496899
76742182
65784741
75525983
65789575
75527110
65788429
76651946
75527308
75524282
57496407
76746244
75528797
65784415
76650316
57495646
57497624
76654980
76658456
64998133
57495409
57496569
57491935
64997715
76656335
75528787
76650813
65785722
65784390
75527066
65780349
57491438
64993234
76743367
76740490
57494068
64998569
76747071
75524153
76651489
76651064
76658541
76741585
65780893
57490395
57491898
57497158
76658257
76651288
64995331
75525912
57491578
76650004
57497803
65783171
57491385
76741560
65780484
75525875
75523901
64998654
64997163
57490905
76658881
75524733
65785580
57495073
65783699
64992542
76746114
76652537
57492865
75525868
76748377
76749793
76650642
76652923
57493486
76747662
76744725
75525568
76652418
65781140
76748774
65785870
57499079
57496678
65787053
75528239
75525924
57495437
57491348
76659774
76652038
75525723
76651639
75524528
65785623
76741681
57496464
65783143
76742451
76652423
65785344
65785871
76743321
65781254
76658637
57494308
76742709
65786378
64990067
76747006
76657101
76746207
76653958
57493702
76657930
76747428
65783299
76657236
57491870
76744023
76740188
75527268
64996206
57491238
57490480
76656978
65783790
76658249
64995467
76741712
65789751
64994920
75529879
57499311
65780521
57493753
65786654
64991085
65784671
57496667
57498293
65784141
57497688
57491697
76655514
64996887
65786350
75521018
76748123
75523359
64994779
76652930
65789384
75528251
76650341
75528508
65787432
57494402
76656311
65785792
75526092
76656800
57496821
57499697
75521054
65782424
76657220
75523741
75527913
76745522
64992219
64998657
64995764
76744391
65786636
65782763
57490447
65785123
57495717
75523061
76652549
76657345
76651543
76653648
65787484
64999569
76744287
76651277
65787221
65787186
75525915
64993294
65780269
57492457
57491245
76745122
76658118
64998491
65782630
75527371
64998487
75527719
65789079
75521829
76748558
57490964
76656760
57495750
65780612
64991699
76742625
57493831
65788599
57498364
64990098
57491285
76747996
75524935
75528226
65789704
65781005
76653563
64997214
76654854
64999968
64995536
76743180
76742655
75521479
75526940
75529480
76742666
64999491
64993486
75526381
64993632
65785884
65785958
76742343
57499564
75521235
57491557
65788785
75520324
57496504
75527385
75529747
75525528
75520131
76652444
76742831
76653792
76741258
75523348
76651220
64996679
65780005
64994617
57496346
64999052
76656482
65787905
65782633
75523840
64999870
76650311
75522245
57497387
76743763
57498680
76655880
65787754
76749822
64998842
64991889
76746889
76653604
64994555
64994097
75527359
75528148
76655137
64999501
64991400
75521686
65789323
76742264
75528561
76745859
76655013
64993377
65786798
76741790
76746121
75521312
76659129
64995217
76749755
75528050
76650313
64993933
76747307
64997874
76657310
76749653
76658681
64993438
75529844
75525929
65781605
75525563
65783524
64993791
64995515
76746405
76650988
57499802
65784612
76651553
57491170
75527864
64998129
76742128
76654880
76745490
76749913
76652486
75523454
76742424
75522937
65781042
75524706
65787493
57492773
57494818
65788113
64996763
76656902
65788164
65787561
76749769
76652627
76745706
65787808
76744692
64992944
65780094
64995243
76741179
65786130
65788367
57495670
76742661
64993637
76652240
75520326
65788716
57492818
76746388
65786137
76742314
75526442
76656192
64992162
75526475
76651204
65781245
65780761
57497420
64996281
76651391
57494618
57490532
65788457
75520479
64992035
75522153
76744112
57494026
75528907
76744802
57497336
76746695
76744787
64995690
75520843
76744301
57499903
57490851
76746199
76656232
75528144
76742479
57499930
65780910
64996542
65785551
75526293
75521458
57498216
76651079
75521896
65783347
64995462
65789396
65787154
64998740
57496070
75526719
76747831
75524206
57492376
65786389
57490852
75523966
64995932
76655629
75525334
65788554
76656784
75523671
76745862
75521825
76654334
76657534
57492252
76658966
75521520
65789719
75523811
65784274
76740544
76657176
76656954
76740054
65788926
57491875
57493752
76656896
76654143
57493948
76742875
76740682
75523515
65786492
65785066
75524308
76656877
65783030
76749127
57498307
64992763
64992268
76748564
76741270
65789546
76657544
76654944
64999713
76658304
76654173
65784562
75526042
76741854
65788755
76654868
75527908
57495481
76748684
75528885
65781983
65785467
76740749
76657768
65788328
75526259
64993177
64997519
65782304
57493235
65785388
57495604
57496984
75527417
64997505
76743211
64999611
57495059
75529876
64994285
76745373
57493941
57492085
57499014
75524021
65787274
64995821
75524368
76657904
75525016
65785127
57495741
64991911
57499826
75529212
76658497
76657692
75523006
76654381
64995964
76652622
64997560
75522037
65784748
57498772
76653337
64990264
76657052
64995998
65781547
76741722
76747525
75524861
57493147
76741717
65784331
57491721
76742715
65786103
76651718
76741563
57491833
57498710
75524895
76746265
64992597
75520699
75520272
76745200
75523126
76743731
76652763
76651730
64997154
75522683
65785308
76655021
75520367
76740119
65780948
65785124
64998575
64999602
64994917
76742481
64999708
57490744
65782007
64991768
75521529
65789442
76744721
57491650
64994373
76654481
75527629
64999827
75522475
64999467
65782055
75520910
75524682
65783807
64997601
75522148
76656448
65789097
76744561
75521168
76651480
64993407
75520500
64995108
57490027
65789082
64997279
76742735
64999294
57492826
75522419
64991019
64995543
65785395
76749768
64993753
57493058
64991072
64994593
76746611
76742417
57494793
57492645
65782753
65787729
76651282
76656390
75520072
75529151
64992466
64993892
57493806
76659904
57499082
75521594
57498999
76746674
64997640
75523431
64991937
75526142
76741341
76741672
75523462
76659035
76654790
57498575
57497591
75521469
65782822
65782016
57499568
64990055
64994738
65783556
75521889
57493526
57494481
75525844
65787592
65782353
57499691
76745058
75528715
64997756
65784246
64999937
76740876
64993705
76747857
76650171
75529513
64990325
75520233
75529186
57499908
64992235
75527172
64995112
75527562
57491433
57493762
65781673
76740603
76658919
65780772
64997681
64994197
75526763
76657905
57499499
76749479
76650833
65781947
65784004
57497607
76748203
65788281
57499573
65785637
65785036
57499837
76650245
65784952
75521232
64995012
76748967
76658486
64991263
76744358
65783985
76744156
64995209
76746647
57498843
75521604
75523166
65784908
76745060
76654366
76650036
76749531
57493160
75529071
57492041
64996261
75524034
64999974
64998521
75525962
76743549
76656679
76659979
76744619
75523216
75520080
76748132
57491687
75520158
57491134
75527856
57499772
75520882
76747993
75527314
57493379
65782269
76651286
57496000
75528812
76659985
76651129
76741972
76743751
57490446
64995946
65780202
65783493
64991073
76653471
65781878
57497239
76748763
64994825
65789613
64999925
57499346
76652979
75527544
64994837
76658462
64996863
76748941
76742183
57496386
57495930
65785394
64993858
76740259
65781119
64990806
75524689
76653778
65784404
57492802
75527403
76749457
57493850
57492362
65780829
76659862
64990147
76655308
75523056
57490692
57494151
76741798
75528625
76650632
75526269
65780554
76656927
76748088
57491156
76741504
64992561
76745468
64990774
64993469
76651993
75523855
64994393
57490465
57497808
64997441
57498810
76655602
76658539
57490923
75529383
76741446
76659011
76656414
75526595
76652698
64999534
76740875
64994348
57497704
75520263
76748879
76657126
76658149
76650131
75524008
65789044
57497722
75521144
57490263
57494458
76748773
76651431
64993736
64991715
57493210
75526484
76748060
57490595
65787392
75524884
57496644
65780393
76651392
75529719
64996043
75524996
64994182
65784254
76744025
75522371
65781370
64998079
57498982
76652896
76650603
76655623
76745142
76652998
76656731
75522160
65785323
64995861
76656722
57497575
57494427
76749833
64998457
75523626
76651889
76653423
65785041
75528321
76658425
75524748
65786353
64997651
75524613
57495664
57491038
57493399
75523328
76654110
76743814
75523979
64992820
64991479
75520662
75523880
76658495
75524417
75521929
65783397
64997814
76740622
64997033
76747556
64991593
57495866
65782946
75521028
75525633
57494590
65786049
64991421
75521342
76655526
64992887
65788952
75522557
75520452
64997323
64997554
57493446
76748747
75524294
64992922
76747589
75527410
75520389
75527399
76746268
76746215
65785973
65781405
76657964
76655713
76655289
75528522
76743309
76654896
76745704
76656082
76659258
65789490
57496124
75527618
64996352
75523162
75520009
75522680
76657967
75524950
65784136
76746770
57491993
57494811
75521730
75525081
64998588
76653557
76743331
65782040
65781284
64998549
64994805
57494998
76653391
75523194
64994235
57498195
57498362
76742641
64992229
64999678
76742892
65787437
75528793
64993497
76659965
76655417
76659026
76653019
76658326
64997008
57490755
76746389
65782309
75526530
75525259
76652986
64998538
75525523
64995481
76655565
65788186
76747477
64990796
64996997
57499730
75523542
57498062
76747932
75520681
76743144
75525625
64990299
76744051
65783051
75528407
65788471
65784656
76656562
75521244
75525798
64990052
75521128
76651809
76748921
75522017
76748326
65785611
76658611
65787762
76656605
64999897
57495901
75523649
65784059
64994164
76655432
57494723
64992857
65789423
65784176
76658082
75522402
75522463
75520091
75524154
75523693
75527354
75527928
76746322
76744455
57498757
76658552
64996191
76656884
65782049
75529014
76659572
57495460
76652517
64991764
65782680
64993624
76654796
65785601
64993906
76742226
64999731
65780936
65783658
75529140
76749976
65780579
64999262
64995914
65781884
65788136
75529488
75522623
76658416
64991282
76747564
75523197
65784559
76744812
64999375
75526466
76747449
75524634
64995152
75526121
76743101
57498635
65788774
76654128
76657628
76658922
76656905
64991926
75529079
64995989
76651450
76659220
76651380
64998144
57499086
57496224
64991094
57493024
65782364
75525988
57497824
64996025
64995592
65787582
75525896
75529917
75523534
65785725
65787562
57497773
75522598
76746525
75524230
65786140
57490221
75529537
57492596
64998250
75529150
64991787
76747910
65788922
75521940
57498419
64995096
76651183
75521362
64992139
75520635
57491848
75522764
64998651
75521091
65784303
64999421
76749082
75525066
75522143
65781263
57496942
64999986
64999351
76658682
64998637
75528047
64992053
76659149
75520839
65781535
76742430
64997088
65786365
76651469
76747915
76650712
75527814
75520152
65782388
64990489
76650278
57490373
75524281
75527295
65789212
57491174
65785431
64994132
76656178
76740537
76656602
75527447
57494087
76741166
75521617
57497094
65785156
76656634
76655016
65782948
75522443
57497991
76749151
64991194
76655008
75520785
76746280
75525816
76744225
65783852
57492109
75529364
76654831
76748780
65789383
64997827
65785851
65785108
76655468
64996060
75520535
76743283
76651242
65786576
57496405
76740594
76740535
65782907
65784202
75525729
57495597
75523093
65784320
76656183
65780437
64998890
75528575
64999567
65787750
76651119
76659836
76657820
57490523
75526740
64997377
75521008
57491331
64992909
76653120
64992617
65783996
76650397
76653893
76654238
75526290
64998455
64999328
65786493
64997771
57499711
57494702
76651817
75522114
75529630
75524032
64998597
64996379
64991510
76740959
76743638
76746735
75527121
64991245
65788788
76746813
65788515
64991397
75520088
75527743
75528282
57492690
64997707
57491057
64998647
76742034
76741650
76744282
75526489
76651401
65781965
64997261
76741799
76652481
75525088
65787560
57497632
76656036
75529179
76650984
65784384
76746141
65787470
75526256
76659470
76651539
57496647
76740758
76650790
76651314
76653997
64995033
65781889
76745035
75527085
76652761
75521188
76656179
57497159
76744954
76658368
65789472
57490006
57499725
75529249
57491923
76749388
64991953
65786812
57496679
57490414
76652048
65784294
65784443
76656009
76653217
64990995
57490099
76650915
76659765
76749292
65782626
76659839
76656112
64999347
65780831
57497905
65784132
76747009
64997233
65787677
57497548
65785096
76651139
65787717
57496228
57493443
76742503
75527441
65787872
76745926
57495559
76743243
75529862
76659837
75522369
76650382
75528054
76651888
76746382
57496543
76742058
76740615
76743212
57493164
65783897
76747639
76741250
76746429
76746282
57493125
57490787
64991783
76655273
76747809
76744515
76744430
64994999
65780099
76745140
57491439
64992727
76742236
76745302
57492322
76659518
76749529
76740364
64998095
65782977
65783409
76655928
65785300
75524186
64990700
57497760
76654687
64991831
76651201
64995151
76650275
57491739
65785642
76652949
57497970
76652135
57497463
64990937
64990864
75522125
76748574
64999673
64995545
75523858
57492353
76740840
76746864
76745212
64991729
65780656
76740068
65786480
76740980
64997523
57495803
65787683
57495551
65782800
76748688
76654791
64999672
76657048
65786982
57490264
57495270
75520102
57497972
57490499
64992603
76656200
65782827
57494726
76746051
64990245
75528390
57496850
65788853
65782613
76657545
76741385
65789902
64990652
57498366
65786055
64992195
75520421
75529768
57498338
76741470
57490533
75525612
57490030
57497942
76743010
75526685
65783498
57498938
76658056
65784187
57491489
76746078
75529236
76749514
76658404
64992330
75523389
57490149
76741118
57499255
76749582
64998228
76740546
76743441
65781915
76658068
65783170
75524870
76747618
75522709
76651530
76746284
64995898
76748201
65787909
76653935
76653348
76747648
76748414
76740299
64997831
57493091
57499901
76745641
76743564
57494207
75529110
64999819
65784865
76741180
75526564
57491720
76743043
76745756
65781081
76743665
76748521
75525777
76742829
76655039
76746315
76658945
57497551
76740504
57494498
75523545
76658559
76656027
64994616
64999127
57497792
76658062
64998888
65782620
75526314
65788368
76658284
76658770
64998299
57497774
57491215
65782623
65783430
64997784
65786557
57490917
76746005
75523152
65784839
57493200
75524103
64990842
57490666
75525834
64992269
64998074
76654316
76653925
76650615
75523632
65786984
76745426
76653594
76742805
57494059
57490708
64998882
57495201
76749876
64991899
65782561
64995261
65780111
76741928
76653360
65781762
76744914
76659743
76652218
76746299
76748156
65782089
57492379
75527366
75521806
57493968
64999836
64990273
75525530
57494161
57492603
76741879
76655533
57492553
65788523
76657311
76650312
76654937
64996106
64992915
76657952
75528315
76749064
76657087
57496927
65789235
75528040
76743694
76748129
76741424
57496470
75524956
57495950
65789681
65786917
57496024
76652823
76657078
76746303
57494289
65781670
75526765
57496255
76654588
75520745
65783385
76658929
65786477
64998601
65783768
57495490
64995790
64995542
57494418
75529585
57496703
65783109
65789446
76742558
57495294
76743165
76650048
65789845
75527068
76652279
65782322
75522531
65786262
57490615
57494951
75521353
76747445
65789731
76656963
64997014
64996386
76656799
57493658
76657645
75524654
75528652
75524119
65782979
57497351
65781235
76748442
64991088
64996939
76748183
64995728
76740910
76658336
76743902
76742743
64996297
76743030
57490091
76746750
76741635
75525375
76654767
75529003
57493418
64993915
76746845
76746644
76747172
76747383
76742559
76659207
76652028
75523090
64999644
75529878
75529301
75528492
75520934
76743636
76742897
76745338 